4
2 4 0 1
5
9 4 2 4 3
11
44 56 96 26 73 80 77 50 33 16 78
128
10000 10000 10000 10000 10000 10000 10000 10000 10000 10000 10000 10000 10000 10000 10000 10000 10000 10000 10000 10000 10000 10000 10000 10000 10000 10000 10000 10000 10000 10000 10000 10000 10000 10000 10000 10000 10000 10000 10000 10000 10000 10000 10000 10000 10000 10000 10000 10000 10000 10000 10000 10000 10000 10000 10000 10000 10000 10000 10000 10000 10000 10000 10000 10000 10000 10000 10000 10000 10000 10000 10000 10000 10000 10000 10000 10000 10000 10000 10000 10000 10000 10000 10000 10000 10000 10000 10000 10000 10000 10000 10000 10000 10000 10000 10000 10000 10000 10000 10000 10000 10000 10000 10000 10000 10000 10000 10000 10000 10000 10000 10000 10000 10000 10000 10000 10000 10000 10000 10000 10000 10000 10000 10000 10000 10000 10000 10000 10000
104
6202 4625 5469 2038 5916 3405 5533 7004 2469 9853 4992 361 9819 3294 7195 4036 9404 8767 5404 1711 3214 3100 3751 2139 5437 4993 1759 9572 6270 3789 9623 2472 9493 6170 5589 5408 9576 2200 2411 3123 2052 8482 3484 2949 2855 1758 6985 3337 524 3468 5048 4818 6568 8800 6957 3083 4871 8716 3733 1140 2504 3356 3612 3076 604 279 8484 1258 2479 1974 5461 5610 455 8945 8560 4389 1781 6623 7727 3385 1169 2774 8203 7737 2652 6238 820 7523 4953 4553 8664 8536 8988 3354 1611 671 3634 1174 1929 7192 4227 7390 2802 5761
42
2440 150 273 141 7877 4737 1311 1729 4018 126 4382 255 2025 1904 6287 7658 1646 4823 6645 5001 7513 8395 9714 9766 1403 7984 3992 9872 1864 9754 8364 4304 982 8638 5525 8859 4453 6836 1666 8472 6962 6048
29
8988 9032 5014 7724 1756 915 5447 7836 9507 3842 7549 9273 5245 6612 4343 5116 8476 4096 4559 2780 6157 3196 9384 6094 7649 6219 7761 7199 4259
100
5926 4325 3918 2018 2048 5675 4012 7496 3510 3518 1337 2138 2790 7661 8750 8213 3855 7225 2308 8414 1083 8466 2688 466 4559 1416 7764 3398 8615 2023 8286 5619 7427 2203 8716 9476 8957 2727 8050 3546 6246 465 5684 114 8126 5512 8327 3059 3815 1714 2552 4899 1258 6319 6444 6896 8814 5287 294 7429 8389 8580 4126 5815 1861 2842 6369 818 6648 4418 4364 2893 4883 1126 4087 4087 6638 2413 8226 452 5206 777 6430 6464 8175 3953 4439 6989 9240 4733 5496 8707 4391 9622 4521 6252 3542 890 8149 190
28
2512 4162 1270 4717 8249 6436 1354 662 4661 2886 6947 6517 394 3411 4692 4347 7850 2759 4665 3661 8255 3371 8052 7876 8972 5382 2497 940
124
2687 7327 7122 6849 9676 2918 5098 6112 5351 6839 1851 8237 3785 9448 9711 8275 5218 5136 7203 7977 9802 863 6231 4251 9994 5185 4301 6455 7682 5241 1064 1447 3647 9265 8297 3322 2182 4473 512 7534 1311 2364 6849 6175 1811 6559 5529 7029 1695 2731 6084 2575 4674 2314 7905 5746 8578 2206 2200 6260 8526 3264 8786 2172 3608 7082 5495 5790 2633 6007 3323 5023 9450 172 1198 2339 7810 6727 446 583 536 6530 3158 5210 9923 2142 2035 8501 4348 4235 5839 3952 8579 4624 6125 2186 2785 2698 7976 5418 9784 2378 441 9234 3629 2718 1572 2517 523 2019 3101 1059 9628 6259 7349 9551 8401 9384 8051 3827 4697 4968 7780 3275
22
4983 6540 3455 7681 5595 8874 7464 7973 393 7776 2680 3111 427 5197 3634 3525 8298 5772 3152 5636 3120 2702
48
2503 1831 8943 7201 6799 7801 1554 7470 3862 8095 924 1542 3689 876 84 2740 1269 7861 5420 5459 9367 1695 9093 2891 9994 4865 6043 6708 9064 9825 1822 1567 1655 1843 9847 9534 9644 1400 8082 3505 573 84 6126 4262 961 6211 8081 3309
10
3500 8769 4516 5196 8940 7407 6268 3804 4528 2975
109
4352 4797 5514 7087 6641 5360 7699 7363 7839 5780 1947 8413 5864 9152 3753 7904 6441 1834 1213 1590 6413 1060 7185 2687 10000 5670 33 4883 1277 3008 8830 5629 8885 5422 3794 6604 1860 1492 5045 9699 8351 8071 9190 5294 7223 4022 3197 3663 5856 5489 6333 3347 6549 4596 7114 7628 266 7147 3589 1543 155 2418 8251 118 7840 2045 6722 9700 4616 2845 476 4046 916 9667 9340 8139 3688 3615 2880 622 9105 9213 5048 6732 3809 2161 5438 5154 9309 9027 7776 542 2523 6026 660 1441 9150 8461 2219 4845 2384 2696 8891 3300 3441 9309 2517 8208 2923
106
9909 3106 5689 4956 9839 576 7118 6355 6809 7505 5382 4584 8047 8984 1689 9786 425 838 9325 2644 6762 1708 6419 5652 6088 9860 4960 9684 9146 8963 6160 9054 2068 2928 5089 1906 4583 3285 9341 1392 789 4722 7055 9915 4784 8744 778 5209 661 1181 7854 7423 3968 5351 4154 55 5211 192 9740 5435 9155 6978 4489 1223 9906 9578 4208 4489 3941 3548 5881 4730 9349 2935 5723 4133 2758 6501 420 3419 8761 9353 1920 2728 4704 6074 3863 9915 6267 4681 5349 6500 1658 916 8802 1564 1572 3010 6053 5513 7637 3012 1321 8065 7026 7044
52
9784 4623 3696 4281 3383 3049 6202 6112 7753 3354 9975 8746 699 4655 5173 7200 7392 6090 6001 8956 8741 89 6087 4254 8806 177 6654 6870 7204 3698 145 8066 8321 3841 3426 2783 7969 706 9974 5721 4060 9948 4466 4760 5681 718 3038 3072 6808 117 3107 6627
43
9194 1959 9013 9372 8614 6961 7654 2311 8185 6798 1710 2025 223 5572 9995 929 5545 6794 6069 5492 2339 828 2251 3057 3866 5324 943 3983 8431 7570 5269 8703 9530 5360 9153 8143 3399 7885 1532 1583 4683 4321 3609
29
9894 4682 7994 5438 1475 4062 2009 4893 5969 4260 7950 913 662 8893 5975 171 6463 2323 8875 7071 7683 8027 5213 1082 5912 7824 3744 1673 2144
79
8737 2037 3113 6730 7476 5668 1870 9485 560 7839 4823 8511 9831 5486 8482 5806 5657 4944 8129 4531 2014 6890 3637 8306 9051 627 6129 2795 3379 8274 1226 2115 1389 5419 8846 8865 1086 1794 9428 2725 712 4251 2314 542 815 796 7427 6472 5740 6634 2082 8834 3524 6798 8218 3653 7425 4347 7527 803 3699 8754 2918 5088 5251 2842 5032 6337 4637 5538 140 5349 867 2455 6970 1682 3251 4397 9234
41
1030 1315 9982 5633 8113 8200 365 6616 3625 7892 8498 7324 7724 1415 3490 2974 5337 9601 389 1052 5139 530 7480 6006 2985 4449 8768 6236 9925 8001 7384 2034 9316 7366 7667 8507 5565 9111 6201 9190 7003
27
7592 5805 6113 2160 8780 2528 1761 9169 3580 7979 777 1059 5063 3762 6588 3830 1076 6512 1830 8461 8546 2224 6905 7292 1809 2469 6402
11
2737 4483 2707 1407 288 9900 4646 146 2427 6407 9315
104
5464 1171 9225 527 4933 5812 4357 7089 3403 7267 6628 1948 9491 3532 9240 2379 6001 6721 388 9817 1203 3096 1223 1491 4074 6948 2716 6501 3355 3110 4666 9898 4281 3891 424 292 781 5861 7381 4184 3127 4008 7212 3696 7540 7530 6075 4619 4250 7543 4435 5454 1717 6737 8024 5791 3685 740 3370 8119 3850 8037 9095 9210 3006 9520 9502 3787 6459 6883 9051 9586 1969 6262 4360 9510 3791 1514 5207 9121 9057 721 4574 1852 8537 3676 7643 3300 5495 1012 2497 423 9049 1592 9633 3133 1111 213 6921 7570 7096 7050 8234 143
103
3672 731 8181 5186 5939 7301 5321 6660 2953 7173 6275 7709 5894 9576 3203 6907 2072 4706 7034 3664 5417 167 5854 5630 8167 3423 3804 5216 2735 3948 9606 6408 4679 8865 2672 1696 6166 9073 9435 197 7324 5710 7906 3218 5285 2188 1203 8436 6894 8237 2100 3389 9483 7954 9020 7649 2456 3902 3943 5191 8929 4627 1598 3608 3492 5350 6383 736 4422 5818 933 1745 1527 8840 4963 7891 1027 6166 6326 9000 5482 9505 2388 4964 7459 2486 3692 993 6389 8714 6184 6396 3341 8862 3 7912 4211 7466 8648 9712 3283 659 1456
57
9499 7499 4858 1604 4743 1183 603 1303 1767 4071 7347 304 6557 1038 1297 4024 9752 7481 420 4171 7421 1502 3161 2710 8968 1808 2421 3329 2468 4957 9218 3045 2455 4075 4650 8277 6338 6332 659 9184 402 8006 9488 8039 9044 784 2062 9874 9344 3561 5124 6765 6143 8285 9475 5110 1172
54
9519 4719 7932 9815 7764 1465 4969 3492 9742 1306 9825 400 1568 226 8406 1055 8265 8528 1839 1406 9481 2261 4967 4604 9026 1109 2888 9580 7299 5139 2554 6817 9858 485 7710 7622 1950 2678 2192 2770 5063 2016 4250 6631 2243 2655 7686 1586 2262 603 2992 1742 2865 9039
125
2969 1226 312 2548 9604 5452 6181 7499 6388 6666 5209 4009 9695 7887 7281 2465 2950 9297 6715 9581 2618 448 8346 4205 3789 8949 8276 5531 2892 8393 2955 5862 9620 3268 9489 9223 9799 5670 6722 6186 3414 1930 1274 4188 9817 8555 6653 3845 7851 4446 3426 1548 5973 1771 5753 9763 1798 5107 5293 5770 3500 8249 1631 3119 2595 2198 3420 2393 8947 141 9658 3440 3150 931 7628 4046 9486 5359 7891 8416 9805 1316 9964 5777 4166 6795 5539 7044 1901 832 2813 6480 159 5523 677 2754 7721 4098 6226 7747 5318 5883 1186 9548 7894 9893 3593 7379 5251 1483 6873 5055 3879 7915 1910 9124 5788 8529 6167 8769 439 8980 5248 598 4502
71
4431 3302 1102 656 2127 6420 7618 4392 5967 5511 4284 638 3969 9535 2122 1920 5668 7080 9836 8657 6203 5623 7185 2370 4391 7624 2428 718 9301 6931 6644 3731 1311 7746 5466 3438 5244 3084 7830 2290 8595 2113 2928 3642 2726 6129 5563 9473 3208 5398 9208 490 2099 6393 2860 7570 5095 5288 8288 4396 3297 6010 8127 4608 4834 4672 8046 77 7756 6954 3446
38
145 7454 2150 2871 3582 7713 3422 7870 4189 2630 8360 6288 101 1219 4936 6275 7586 3223 670 1962 311 9877 6570 5145 4548 5695 6302 3382 3727 9748 1889 3873 7201 4039 6744 1862 1751 1245
101
7019 4954 9170 4386 6134 1467 9322 2408 9053 3624 3079 1014 3935 4034 8664 9081 9661 5437 5382 3042 9164 6208 6010 3036 3409 49 859 6350 2879 3183 7160 9899 8137 6329 4284 4270 7796 4684 7757 7927 8308 1914 8942 2243 5948 8684 1323 5608 5199 6705 9729 4362 2912 6818 8478 7400 7946 415 4828 824 3598 1987 1801 1734 8316 7164 7083 6111 1848 5918 4038 155 7833 4058 2398 3780 3820 4800 467 9019 2583 1274 4459 6575 9171 2936 3974 7116 3351 9882 9020 8028 1868 820 840 1263 9064 7923 8453 911 3841
61
2145 2752 7627 5623 7611 2525 422 8078 2622 3006 431 7082 9581 9602 1096 4633 7797 5527 5593 6816 3554 7462 8715 4395 9804 7778 3396 8256 9768 8316 1825 1913 1067 530 8615 8679 4135 115 7835 6757 3121 9345 3838 3780 8947 4935 9493 6743 1540 6164 4637 5094 4704 3351 567 4507 1129 3964 2763 896 3358
105
3888 4426 6197 2502 4183 331 2618 2017 8168 6818 1362 2005 1677 1387 8019 2248 9209 9559 8412 3845 5732 3116 7196 6299 8702 9404 1341 1464 1379 4700 8210 5267 204 5486 8849 4387 6896 2545 7483 5063 441 9924 7069 2118 2389 6166 5445 1597 6804 4936 6521 3614 9131 4796 991 7832 4199 2333 375 5578 8112 8585 1924 8316 4070 772 3781 966 3317 2342 6029 3758 2266 4176 6956 4655 1421 3479 7332 8225 8415 3852 2917 7545 9727 3908 5377 3926 7320 6831 582 5431 5415 2506 4825 9486 4357 9685 1530 7674 2027 7559 2511 4293 2814
28
26 4235 4024 7358 3538 3518 2289 6455 2141 2015 362 7518 7020 7683 5427 8682 4192 842 1187 9018 1406 5545 8702 2936 4297 1807 1573 7887
44
4387 8432 7206 9701 3535 4563 3238 7053 7931 771 9194 1025 1134 7791 9124 9896 3217 7805 5166 5138 8993 5262 6544 5616 5043 9480 9913 6850 1053 8879 4029 6519 7310 1234 6220 1923 6876 9458 54 4807 229 9249 6911 2442
21
6034 3416 2413 4918 8582 7552 4989 4923 4095 604 9966 4654 1595 6815 5707 1552 843 2225 8863 2077 8445
127
8954 8982 1919 4839 289 2246 2828 2731 363 9941 7226 3855 4858 6886 1406 9847 1808 6581 1529 1773 1234 4204 8589 6941 5756 510 244 5697 2588 9769 7562 2620 8750 559 8538 9039 2805 1365 2848 3168 1305 1152 7023 7243 8038 9509 8168 9847 6089 776 1619 7323 6059 1286 5342 2893 1797 5586 8591 5464 6433 7231 8084 5182 8869 6621 5299 1673 9065 9226 5920 369 377 4021 8691 8416 3529 6859 9341 696 7635 959 8019 3693 2246 4439 6586 5122 25 6255 585 7537 4564 8669 2719 3432 6368 9097 5105 5432 9402 2103 6880 9779 6125 5571 9273 9654 3508 8613 350 1142 651 9448 5914 3976 3887 2499 9098 4991 9834 9683 2527 5476 9430 6325 8909
99
5422 5092 2307 5902 7196 9187 5680 3320 5836 6032 4052 9344 5723 4402 1564 6374 4929 7478 349 8816 1056 9447 4885 1968 207 8491 7444 9637 4816 6352 5433 1316 2523 8819 7218 9719 9085 3976 4117 4920 1086 8169 5343 6810 3650 7986 4262 8579 5464 4612 8473 7599 5137 3357 9567 6424 1847 8089 6060 7742 4441 2572 9058 8043 1390 7354 7761 474 2409 1877 6474 3495 45 2895 304 3695 880 4567 3352 6344 257 1824 5021 6473 6260 5666 2896 9187 3755 35 6928 9275 2607 7065 7317 5076 5497 5077 5551
111
8033 3103 1401 9157 5998 2784 2852 6878 8430 7283 4301 8687 9108 9322 6239 5367 6067 9135 4553 9822 248 2560 9096 2855 703 6412 7932 6200 2567 4561 4106 599 8743 6586 9756 4740 9370 3686 2696 7800 969 6997 7565 1155 7398 3803 6522 4543 4017 2154 4364 4265 5793 4538 8200 6496 949 7210 3774 4595 2849 7880 5194 1591 4465 6028 6331 4914 793 105 3792 1762 8182 1356 2917 6658 6239 517 1200 255 3750 5564 5599 621 101 4877 7117 2129 2086 891 6724 4935 9850 2996 7605 5394 102 5014 1386 895 5120 5178 3736 3301 6534 7732 9959 2772 8250 1158 4106
48
7801 784 3700 8981 5661 1895 1109 8827 3865 8912 4840 3715 1907 2445 187 2009 8538 1573 3984 3657 6751 7720 8037 4363 5452 9074 8215 4780 1310 2320 8937 9111 4183 2636 8091 923 5611 278 828 9476 9190 5668 4269 2175 9192 4456 4185 7730
123
9248 2465 3858 6967 502 9301 3497 654 7515 9356 1965 913 8293 2154 5097 2007 1324 6020 7618 1602 6848 8173 1871 3594 2441 4046 2786 7977 9310 1594 6163 8557 5138 1100 6603 5640 400 99 7374 7915 9456 9339 8828 8827 2571 3924 833 3895 1022 9531 6577 8949 7703 8448 2543 1222 3572 6408 277 2882 9081 6441 2517 4218 7541 9120 937 7941 9220 8311 5855 9754 8728 5761 8580 1298 9686 491 5194 1786 21 2849 735 8803 2375 4357 25 5947 764 1381 9908 923 7822 2425 5141 6441 1544 6078 4381 1842 5467 1314 2674 4194 7076 2332 5493 7840 2824 1765 704 2845 5693 1439 1648 8068 6875 2752 5093 8718 4133 5001 9641
88
8505 5861 9475 1127 1938 3856 4049 8485 6249 6723 2678 4403 9056 9250 3321 1879 2093 4026 5803 8865 6544 8530 6932 3419 1281 3104 3215 6494 8105 2856 9528 7688 8717 9002 8815 1733 2857 3942 217 185 665 3975 5667 799 4303 8989 3757 7476 4093 9560 6340 636 9169 3272 5134 449 7455 8350 6943 5559 2284 6470 4325 1000 5472 4218 3812 9408 8161 5109 671 8826 9084 6339 703 4465 6406 4460 1940 498 5098 8281 2213 4266 2631 8427 5795 85
47
3816 6723 138 1365 2126 2217 6837 6344 7108 7323 4504 2216 9074 4408 2378 5412 5111 6844 1817 649 8784 3394 5748 8143 5607 1092 1852 4033 6887 3016 2966 703 817 3104 3147 2943 6400 1062 9288 3508 8385 3791 6803 8537 8200 9182 3948
73
6025 6844 5039 5887 1316 1865 5109 6924 2957 6961 2035 923 9978 5002 2705 1873 9185 5852 4817 6664 6914 4104 1250 6377 8974 8053 4914 7173 7234 9941 2641 4337 7864 7680 224 9180 9545 5333 7182 3580 3372 296 5582 4428 6377 8287 6302 6640 4138 1118 3303 2130 6301 5632 8508 5274 3685 4500 2447 1997 4440 5088 6335 3382 3846 7638 2562 4469 2970 822 9128 7421 1118
21
1849 7495 2996 9230 4135 8214 347 8517 1422 6648 4149 9930 1921 8913 5508 5447 909 1027 1613 7244 4409
21
5960 8050 1006 8930 8873 1213 7430 9991 5923 357 8565 8919 9587 3778 8211 1012 2294 9634 7660 6443 641
62
6434 6150 7186 7344 7177 9878 5666 1585 7495 1626 9636 9580 1634 9587 792 9064 9577 6715 9421 9220 6713 85 2997 4923 1097 5292 4556 9836 2813 6277 495 9248 2426 8760 7670 9603 9716 3335 2266 7210 4961 2980 6790 7675 2566 7582 7817 3222 4297 7238 2441 2088 7323 5439 7011 9500 1809 2646 9335 5701 8923 908
102
1348 9668 3696 2029 9384 8111 5374 7672 4150 8355 4461 1824 920 3122 9642 5221 7419 7958 7663 9507 6359 4180 7596 5858 7068 241 5193 3847 242 6101 9875 2669 6848 4649 4698 7310 2759 1151 4981 6910 9506 9443 8734 1504 3643 9454 6726 2140 7411 5467 2725 3770 725 320 706 8872 1641 5899 2718 1883 3079 2592 5632 9927 7242 1408 7236 1079 2559 2216 7989 2064 2737 7802 3569 6380 7255 1373 8520 5745 7919 1244 593 8644 2644 1299 8594 4285 7199 1311 7247 277 4983 2878 203 3303 4287 8518 4382 6846 733 2371
47
4550 1251 4637 929 8506 6010 528 5329 3928 2851 5922 3650 5495 7222 2243 9780 5499 4633 8106 6855 9616 983 7058 2918 6349 6654 8380 3195 7387 750 3184 3015 3080 7821 5024 2664 4909 5552 7994 9916 8403 3915 4644 3898 2215 7966 4756
26
2598 2861 4568 2214 4924 2704 6211 1272 9358 4590 4467 7824 6419 8730 838 9499 7629 6941 3242 3616 2492 1235 4610 1974 5150 9254
21
8445 7219 1706 6158 896 5647 726 4189 570 3430 399 2921 3867 6069 8468 1690 3566 7197 3607 4144 5905
40
7386 9521 4119 8621 5210 6093 4849 4463 4122 3293 2761 6908 9452 3657 2554 1256 7846 4203 5765 9324 7124 710 6471 5591 3479 37 3867 7087 4181 9772 8714 1566 370 3911 1265 6659 1083 6114 1122 5205
115
4962 2112 1016 9698 5745 2272 7543 1026 9116 7945 8151 9827 4416 4820 3305 4453 8687 1470 9713 9537 1262 1278 986 5174 2543 7645 6257 9736 9846 1461 1300 4807 4653 2316 4504 1476 5667 3125 2503 5862 1070 653 5688 6565 5473 71 2096 5239 1542 1808 5854 2804 3086 6840 7978 6708 5564 5313 7522 5409 7854 8823 1295 2506 2217 6878 3982 8964 3 6485 4825 2152 8217 512 9796 4769 583 1891 1086 3204 3699 6940 6009 6785 4859 5065 4571 422 378 3171 6910 9311 3072 8205 1816 5290 5083 6877 4253 6165 4441 9078 8317 3736 668 8112 8505 1251 2 669 5535 4780 7610 1543 1564
111
7687 7214 3969 9144 384 1957 8454 3457 162 1348 9826 6324 9305 5157 2488 3745 4234 1883 7481 4902 1073 7065 7232 1075 7734 2766 5855 6422 5388 8498 9969 4154 6790 5016 4376 8253 6974 2830 2788 8215 5257 2613 4538 4561 7770 8105 8306 3082 9988 6866 9063 1060 5009 7374 3214 3821 1218 147 243 7686 9724 1290 1839 7592 7386 6215 5844 5438 123 8633 4731 5381 2324 9269 9942 1173 8452 9327 4255 8439 6192 4397 577 1200 1770 4870 6100 2988 5017 6343 1752 5819 8713 3591 3410 7177 885 332 3693 2087 8965 8424 7468 2368 7692 8489 3541 6143 7815 8875 5660
27
3271 7316 7364 6120 2185 3463 187 8281 885 1939 4099 9598 5531 8588 7853 7495 8920 1545 9582 8964 9969 8129 1331 8739 6617 4872 5960
46
3746 2698 9516 8097 13 6879 4216 2198 341 4403 1557 2305 6343 6735 2981 2952 5322 833 446 5320 3457 1106 4283 3425 9235 6693 3242 5851 1564 9202 1360 6390 1899 1954 4486 2991 9912 9781 6268 253 4184 7825 3637 1605 5638 6619
120
959 7452 6082 7359 909 7188 2720 5413 7502 9414 8656 3352 977 8936 5792 8446 835 7746 2931 4905 7658 2712 1173 8990 7975 76 2626 9580 5715 9245 5215 7753 7776 1296 5111 8685 9563 7832 5176 7064 7245 3831 1495 9301 2767 7287 7747 4681 5032 1756 9586 3768 5547 1837 2757 4600 1914 6463 4179 7629 5707 9394 5381 3482 1768 492 3245 1331 9403 8422 8395 7726 3331 9890 7026 6098 8255 5851 1857 4366 7608 2522 8134 4233 4359 1970 8834 6273 8433 4091 3901 4139 4564 361 8701 6332 1932 3024 7663 1334 1445 7137 9060 5856 8105 7164 3032 6360 3015 4890 725 1701 7412 9938 7013 2849 1907 5846 201 339
45
5181 5558 5580 5542 5337 1911 7474 8361 653 9887 885 7790 8946 6741 6973 7189 9773 3332 1282 5741 5136 4062 4231 6153 1074 7081 8060 8000 7282 9479 9016 3541 6115 4595 9084 2530 6506 6557 1969 8238 7523 2854 6027 7547 673
93
4735 1525 7411 6017 7266 3626 78 2576 9779 2232 9657 8917 231 8017 9474 325 1557 6667 4920 1719 9197 2504 9356 2245 742 6878 6178 7848 4424 6852 1926 238 9456 416 6255 6721 4042 7413 9297 4899 723 31 4894 954 9127 5447 2358 1763 3192 7278 4561 3468 860 3916 5713 2681 1872 1890 529 6297 9821 3534 6535 9276 3950 3868 7076 9071 2359 7451 3969 3082 8562 9943 5115 7688 6468 7473 529 9660 5829 6170 3127 6690 85 8840 9371 1958 730 978 9334 1629 4513
29
905 8463 1893 7981 7534 4253 5431 2581 8414 3992 3602 3529 2759 69 2080 4367 9730 7910 536 3935 5678 1701 2775 6127 4738 4584 7106 4071 6213
65
2096 8197 1159 3989 6177 9772 9321 1608 3432 7735 6679 7034 1263 9438 8183 4422 4884 8991 2331 5420 2925 8009 7121 6779 4136 1858 1362 2320 7008 8655 5017 9104 6851 7255 4172 3028 7027 3492 5715 1537 1226 3472 9650 3568 3989 7832 7991 8873 6822 1400 5371 826 488 2492 7605 5703 5429 46 8023 3516 8701 4118 2619 5551 1372
17
9658 9478 1362 6451 1014 3667 1002 664 8315 4991 9575 6305 4942 7476 8784 312 8302
44
3883 5906 4974 391 5952 4075 3907 5731 8193 7605 2361 644 5475 2018 121 6837 9549 2215 1582 550 3958 9897 6620 4611 7280 1561 2086 6064 1873 387 6414 6836 7373 1388 7227 4403 6542 1133 1213 5814 8738 3574 6458 4212
33
7658 2127 7298 951 3710 7848 4909 4685 4467 599 1965 7107 2685 8029 8981 4152 4442 5816 2603 6909 3042 8085 3451 5254 9298 9265 3991 2871 6801 8204 621 4458 1409
114
6489 5119 6846 2476 9805 2391 3075 2848 9499 5761 876 9558 991 6397 6452 3594 4385 572 1678 8915 5826 976 9258 9817 4926 6058 9099 5547 1594 508 3466 8083 6706 311 1638 7589 2702 4713 436 3279 473 1312 2836 1464 8789 9288 6137 4252 9860 7816 3166 5685 9871 2423 6581 4796 9560 5679 1422 2232 7266 4888 1394 3972 6278 3032 1560 58 7745 1997 3338 9298 4388 6174 1840 4255 6541 7978 8507 6400 6872 1672 3164 6742 5174 9745 1537 5812 6502 2959 9124 3768 8926 517 7740 6282 4628 378 6341 3451 2375 757 2748 7843 8010 5668 2097 4550 3645 604 2029 1595 3355 6272
110
9609 6016 952 6499 3596 4991 5622 7364 3916 7218 6182 1277 2924 7640 8697 6376 14 9454 202 8936 8542 5870 1033 4171 593 2716 7279 2188 7150 3550 1603 6758 644 2556 4336 4240 7547 1036 2683 2541 8255 9944 4897 2257 7583 3593 8633 8677 4125 8836 7612 3746 5784 9724 7917 6378 2439 5195 9645 9590 8745 1248 7426 9389 4883 1761 4707 2429 2798 7390 6049 2131 8413 946 4388 5995 5618 3021 5750 822 2935 3362 4568 8719 4164 2484 6175 6604 8758 5820 6193 7502 8147 3618 7969 3029 5380 2675 6537 9257 1144 3664 1387 9557 5689 5775 6630 1307 9875 3459
23
2809 7900 7776 2607 2063 259 8782 8667 95 5680 5938 7597 3826 9557 6644 7934 6015 397 4470 6350 1541 9214 7737
43
4902 4590 9886 7288 4465 3344 495 8353 2322 9350 959 4385 687 820 3052 782 6500 8990 9458 1405 9625 6101 9339 6718 6499 4888 3067 9119 5180 1882 2374 81 6473 3338 8449 2016 7761 22 368 82 9373 2407 4467
1
3227
1
842
43
8667 299 2210 9370 7480 2628 6088 3978 8595 233 4175 3774 2116 6549 3855 8589 965 3382 604 8726 3405 2051 8808 3856 5537 4354 3915 9843 2951 5836 648 2696 6136 3937 2066 4694 7644 9233 9751 6238 9466 3925 11
69
1553 4946 169 2518 8328 1852 1244 2811 4983 51 6667 519 4405 582 1441 8436 7497 2089 1131 4711 7105 4276 9405 4749 3508 9155 2065 2974 3080 2077 4555 5712 7023 5804 8230 6429 8735 9474 9241 4796 604 5907 5316 6088 7568 6757 4523 5065 9925 6734 9776 8108 1009 9181 3935 4518 8335 6001 8571 2493 9157 3125 8205 6179 7 6435 2607 9822 6987
68
4617 8670 8834 1011 4758 7480 7768 359 2544 8771 8172 3399 7958 260 2579 1892 4778 1992 8972 4427 5565 8128 8631 3769 4306 8639 1282 7993 9539 9349 918 4155 8018 830 5167 3854 8311 4013 5293 1933 3863 4543 5332 1820 4803 8990 4791 659 2061 3763 5086 7626 1890 3717 1394 7276 3434 3756 6347 2972 3104 8344 7127 2200 9175 3372 7134 8564
78
2426 496 2327 6969 6908 4147 2851 5897 16 3510 7958 3779 8597 5583 6749 2313 8057 4024 5747 1812 1449 9798 5995 9793 6924 8195 45 1375 5328 8609 9840 8833 184 2166 6881 7092 7392 9732 4067 7408 4320 2025 1187 2916 8687 9015 6308 7822 4117 3133 712 5566 2930 6707 5358 933 5981 5404 2308 2387 5091 2147 2299 5275 4313 9180 2366 1704 9990 7513 190 4309 9538 2456 8305 9303 1470 4612
96
5587 7746 8916 2231 1754 6702 8669 2687 3761 5151 4995 7227 241 8221 9526 6596 2533 9784 40 5316 9773 7553 6586 5161 8169 9042 3465 7472 512 9156 5675 7178 7980 5669 488 9735 2370 9157 3500 7210 4307 9575 4437 5627 7795 3962 2222 1407 4825 2263 7802 5676 9816 4387 836 7985 3429 5380 6535 5020 4536 3288 3276 2515 35 3764 2249 3485 3999 5750 694 9385 6403 5131 5012 4197 172 8313 5604 4997 1654 4485 1751 1470 8872 2588 533 3379 9047 8147 8399 3582 2513 2754 6098 2548
64
9426 6033 1596 6254 6728 980 2656 2937 7071 7933 3109 5384 4615 9185 7038 9100 2015 9587 7972 5682 1198 2429 4728 9345 1907 8311 1857 4661 5487 5485 2257 5991 1517 3853 2245 9324 4834 5980 2261 1904 3912 6449 8367 8528 6713 5405 7627 8728 6070 6677 4409 7269 185 9137 6613 2092 8526 9550 6753 4012 5034 9010 1082 7630
25
3327 6954 9855 9307 9215 2837 4298 5663 1204 2825 2375 7688 1530 2181 3757 9287 6590 2104 9472 6806 9797 2642 5331 9346 9395
68
5458 9483 1504 3087 4503 5910 40 4357 6295 333 7195 1671 5997 8399 4496 9451 7165 7106 2711 2000 7471 9301 4105 8021 7185 3901 662 3595 4325 1135 4017 9783 617 6600 3948 5121 3588 3989 556 961 4322 7751 2633 1397 7228 8208 1927 4392 5313 4638 7472 3862 5017 1576 1882 2202 5477 3623 5797 9802 4758 892 662 5376 8571 4610 1575 3237
127
2131 4198 5079 961 6831 7555 9268 5039 9482 4739 1430 5198 2210 5293 1294 3786 8254 3496 341 1877 371 1221 7714 2342 1883 3089 1991 7572 5743 5228 7250 8954 9426 2328 993 7336 961 260 2374 1522 4999 4883 6720 8288 1254 8014 3152 9509 2588 3493 2464 4038 4714 177 6380 7676 4346 8371 5248 1167 4677 3576 1199 4103 6983 2192 1438 7944 3532 4891 9466 9610 9774 7265 7898 1028 6357 1049 1615 24 4543 5158 4062 335 6414 1521 9091 759 970 4338 3006 5648 8993 4205 829 5975 6398 3346 4997 9930 8237 4463 9539 9089 2806 8515 1195 9163 9565 3889 265 5186 125 4328 6600 6540 6928 5690 8378 7898 27 1383 3545 9020 5589 5453 6073
112
8799 1070 4073 8114 6612 4690 8282 9418 3205 9477 9659 3848 4445 9925 9034 4570 5331 5633 2188 2258 2402 566 155 2429 3028 4780 2528 9696 232 9680 2760 9032 749 7912 7145 8440 2602 5426 8936 6886 5982 8595 1812 1505 9598 1924 7154 4928 7557 9343 7186 1037 987 8420 3467 4015 3199 7074 3711 3432 7832 7550 2463 9661 5462 686 8100 9143 7192 7036 7107 4252 6709 8919 6836 6306 842 3989 1233 9478 4410 9498 515 5397 7917 5061 9413 1116 3213 3123 5627 1044 672 9169 704 7213 9855 9884 6355 8125 6919 4540 3455 3627 3458 290 1011 4300 4280 2244 3778 8690
63
5372 4087 736 432 4578 1852 3645 8780 7479 4689 530 7726 6473 7744 7581 6356 5177 6784 3274 9718 239 7980 3175 529 8991 8555 5888 2313 3411 4578 5133 8783 9744 6948 9215 5400 9880 3938 4179 8437 9706 4709 6163 6178 3531 3743 2533 8709 1605 6886 9505 1844 5944 2679 2374 6013 2312 9341 8326 5723 3918 4537 4505
18
1485 4798 139 1364 8736 4318 879 8442 106 7042 4619 3637 1863 8232 2345 3469 6196 1849
32
2140 5608 8766 8153 7920 8107 7558 4722 3103 2094 9227 8923 4658 5104 9062 7101 3839 4459 7981 3359 4565 5022 9058 8202 6886 7289 1626 354 3484 4554 6746 6703
14
6591 4856 239 5776 2413 4961 8879 5586 5266 7801 1323 369 7942 8424
31
2400 7483 8647 8044 2505 7704 7324 469 6071 8950 1902 634 4583 8648 7337 5823 6317 3271 7141 2092 6763 2101 971 2349 7368 9851 4751 8816 7792 3174 4103
6
1736 3829 9314 5320 2611 6638
123
9762 6666 7691 395 1248 7417 8811 8151 4813 2082 5291 6905 8845 7393 7876 2272 5839 8806 7023 4654 6597 1276 9837 8947 3012 3665 8260 8332 6276 4897 5199 6037 1563 3968 7511 3890 2463 6322 2040 7276 9483 8411 4181 9406 5803 3135 2757 2720 1940 9780 8453 9617 2134 8289 8563 5146 1953 7901 4556 9309 3877 9755 6424 6519 3722 3935 408 6186 1335 3528 3461 1896 1938 7642 1301 8820 1856 4058 1539 3796 4917 1070 4491 7051 9360 4132 3276 2391 2033 7832 2778 5910 7587 9203 2428 2387 4216 3915 9652 5551 8522 3113 8526 459 1833 9827 357 3689 4964 2975 8565 9881 4046 4134 8010 3405 8267 1285 6875 1378 196 9654 7288
37
8856 794 1248 4150 5788 900 9701 4310 5092 9305 5848 8004 9131 6206 1693 5173 259 1336 6132 4305 5470 5221 8789 4815 6506 5664 6193 7781 6396 4559 6642 5251 6432 8970 9401 2220 948
103
7609 6040 9484 4535 4043 9693 1819 6815 5945 2079 9230 2076 7463 4700 8376 6252 9515 4882 2994 6787 3741 9390 1345 383 5719 7778 431 6198 1076 1379 7456 9764 8498 8018 4298 3619 8789 6118 434 4733 8197 742 7889 6738 5442 6264 2989 6036 2224 7062 2822 5966 7530 5246 7428 3248 3023 8938 524 5178 316 7980 4941 9893 5997 9240 3511 4786 6436 5024 9519 5711 5767 8486 2448 2287 4750 6517 9402 8053 3578 2223 4018 2187 8549 2524 5435 2650 1461 7039 7829 2856 5018 3848 2748 1015 4166 7339 6880 601 3441 7477 7391
56
5963 9840 2574 1791 6356 1975 9844 1012 5278 4941 3199 3826 8544 9714 7555 5 6752 5383 2861 1769 9232 6689 3863 4476 4027 1821 5078 8547 9299 2468 8834 6340 3386 1407 8131 9742 4461 9053 1833 817 5072 5032 5722 3616 4745 3277 4700 2575 8660 8640 4345 8970 5328 9287 3446 433
100
9603 8981 1485 3149 7814 7825 6536 299 7034 7356 4760 7165 267 5578 2237 5300 1299 6932 1123 4576 1631 3699 4315 1349 9123 4363 7757 9488 8888 8190 1674 8490 8249 3159 2718 7141 983 9254 8519 8017 7688 4358 6261 7956 1014 9577 4334 3392 6508 6536 7969 9218 1313 3362 566 1514 8804 8323 1002 7692 7592 2676 6181 6919 5836 9978 5139 7898 309 3657 6994 7998 9094 3254 7032 107 2830 1365 3500 9338 8980 2547 9634 293 5909 1278 1807 4712 9602 2809 2403 8272 6565 9664 6269 3479 719 1407 1376 1029
37
8370 105 5237 2702 7137 5345 5532 9581 9924 5948 8560 2470 5581 8853 8379 7939 1739 4169 8619 5627 7652 6890 2191 8394 4237 5670 9113 5645 8126 1220 2867 7574 1325 9183 276 8462 5606
77
9121 5529 2835 8760 7999 9495 7612 7456 7433 429 2704 6051 6057 355 4019 8248 9828 8257 4997 18 4980 3122 1239 7847 695 2564 7029 971 2105 3714 7859 1225 9243 693 9985 7242 1266 8676 4697 8700 9105 7401 4750 6240 8835 9849 4488 9741 8105 563 9760 3084 3685 2077 2009 5459 4641 116 7510 7825 3830 6447 129 3073 8219 1192 1393 9485 946 6090 8184 51 4570 4013 6291 4483 3861
21
4224 3044 2420 5062 7207 7184 7139 9216 3722 2858 9332 1231 1762 4241 7678 1891 8393 6975 3083 9786 6459
36
6954 5722 5160 2602 813 2529 7086 5753 5466 2388 8797 8965 8529 6003 6149 6746 6297 9871 682 6707 2180 2444 947 936 4335 9340 7911 8498 203 5448 3606 7158 1169 9845 9760 1982
123
7924 8814 8918 311 7610 7883 8840 4691 5110 6664 987 6059 7347 8774 8239 9791 9721 9175 5205 139 8164 4781 342 3611 8387 8579 5860 9310 8339 8921 2761 6262 7735 1679 7653 6423 640 7571 2193 6829 4235 4259 2887 1581 3032 2204 1371 3832 2457 6576 3971 620 1356 5392 5310 821 3971 1169 130 2309 90 3971 9650 8904 5650 7302 5326 7369 4873 7519 4197 186 1778 8163 1767 4810 366 3138 9721 2823 793 3691 3443 3228 162 9832 5129 4133 1001 6338 7521 1091 308 8249 9995 7037 5551 6399 4405 1502 3918 9681 1688 6775 7843 4534 2663 9288 8751 2384 2110 9544 7154 6632 3851 7316 6464 8980 1448 8544 6396 47 9635
58
8297 707 3741 4926 8185 9226 7507 3181 8906 273 9956 7828 4807 3698 8194 4636 7161 304 4180 4314 8015 9110 1630 5557 9168 4157 4100 5563 5284 4813 2267 4659 6599 6009 9585 4784 6313 8170 7965 6297 8443 9000 5203 4328 2697 3397 8964 9858 4780 4222 5250 2794 4410 6880 8352 3577 2116 2451
62
8479 8344 2486 3137 4942 9574 2721 9726 5886 1969 7691 2183 1490 7769 7386 6897 465 782 6939 1401 5562 1161 6651 9436 5571 4610 8866 227 7805 2395 446 6283 738 2932 9420 5681 2506 3219 5406 9471 5188 4175 2732 7757 1943 118 4653 3487 1979 1591 4888 8621 3831 2618 9135 9403 8307 8000 708 6111 394 1154
86
1133 4086 3970 6814 7671 7189 3298 7142 3455 7474 952 1211 9417 1070 6943 2904 4129 8534 8871 3828 2365 2567 2962 2846 873 2040 3554 8063 2434 5787 1534 4646 9873 5504 2538 8623 3771 5837 6843 8305 3310 7795 594 3805 9945 7537 7788 5152 7150 7738 8980 9515 304 3020 3439 2257 5060 6993 319 8573 2779 1854 4298 3730 8437 6836 3431 3287 2672 273 1591 7061 9148 2186 1945 9092 801 9733 4243 7951 8549 4301 8544 8854 8400 1982
3
4538 53 2508
29
3911 4362 8487 7642 3878 5323 1072 7165 9074 2425 9835 6135 1572 3099 8080 1742 4980 8891 7064 2930 7440 1364 1474 7372 9764 4535 9561 5380 4589
0
