1 1 1 0.5
2 1 1 0.5
2 1e-21 10 1e-10
1 5.6361583300e-001 4.1000000000e+001 1.0000000000e+000
1 8.0877101962e-001 6.3340000000e+003 1.0000000000e+000
1 4.7990356151e-001 1.9169000000e+004 1.0000000000e+000
1 8.9599291971e-001 1.1478000000e+004 1.0000000000e+000
1 7.4663533433e-001 2.6962000000e+004 1.0000000000e+000
1 8.5897396771e-001 5.7050000000e+003 1.0000000000e+000
1 5.1356547746e-001 2.3281000000e+004 1.0000000000e+000
1 1.5015106662e-002 9.9610000000e+003 1.0000000000e+000
1 3.6448255867e-001 2.9950000000e+003 1.0000000000e+000
1 1.6592913602e-001 4.8270000000e+003 1.0000000000e+000
1 4.4572283090e-001 3.2391000000e+004 1.0000000000e+000
1 4.6998504593e-003 3.9020000000e+003 1.0000000000e+000
1 3.7791070284e-001 2.9200000000e+002 1.0000000000e+000
1 5.7121494186e-001 1.7421000000e+004 1.0000000000e+000
1 6.0719626453e-001 1.9718000000e+004 1.0000000000e+000
1 6.6307565538e-001 5.4470000000e+003 1.0000000000e+000
1 3.5215308084e-001 1.4771000000e+004 1.0000000000e+000
1 6.0771507920e-001 1.8690000000e+003 1.0000000000e+000
1 8.0263679922e-001 2.5667000000e+004 1.0000000000e+000
1 3.0198065126e-001 1.7035000000e+004 1.0000000000e+000
1 7.2670674764e-001 2.8703000000e+004 1.0000000000e+000
1 9.2574846644e-001 3.1322000000e+004 1.0000000000e+000
1 1.4236884671e-001 1.7673000000e+004 1.0000000000e+000
1 2.3535874508e-001 1.5141000000e+004 1.0000000000e+000
1 2.0963164159e-001 2.8253000000e+004 1.0000000000e+000
1 8.4368419446e-001 2.5547000000e+004 1.0000000000e+000
1 9.9972533341e-001 3.2662000000e+004 1.0000000000e+000
1 3.9246803186e-001 2.0037000000e+004 1.0000000000e+000
1 2.9731131932e-001 8.7230000000e+003 1.0000000000e+000
1 2.3773918882e-002 2.7529000000e+004 1.0000000000e+000
1 9.2654194769e-002 1.2316000000e+004 1.0000000000e+000
1 5.6245612964e-002 2.2190000000e+004 1.0000000000e+000
1 9.1882076479e-001 2.8800000000e+002 1.0000000000e+000
1 2.7292703024e-001 9.0400000000e+003 1.0000000000e+000
1 6.9121372112e-001 1.9264000000e+004 1.0000000000e+000
1 7.2652363659e-001 2.7446000000e+004 1.0000000000e+000
1 2.0538956877e-001 1.5890000000e+004 1.0000000000e+000
1 4.6848963897e-001 2.4370000000e+004 1.0000000000e+000
1 9.4918668172e-001 1.5006000000e+004 1.0000000000e+000
1 1.0831019013e-001 2.4393000000e+004 1.0000000000e+000
1 3.8526566362e-001 1.9629000000e+004 1.0000000000e+000
1 6.0899685659e-001 2.4084000000e+004 1.0000000000e+000
1 3.6136967071e-001 1.8756000000e+004 1.0000000000e+000
1 2.2513504440e-001 4.9660000000e+003 1.0000000000e+000
1 8.0291146580e-001 1.3931000000e+004 1.0000000000e+000
1 9.9002044740e-001 1.6944000000e+004 1.0000000000e+000
1 3.4559160131e-001 2.4626000000e+004 1.0000000000e+000
1 6.5733817560e-001 5.5370000000e+003 1.0000000000e+000
1 6.3570055239e-002 1.6118000000e+004 1.0000000000e+000
1 5.0483718375e-001 2.2929000000e+004 1.0000000000e+000
1 9.4961394086e-001 4.8330000000e+003 1.0000000000e+000
1 9.0514847255e-001 4.6390000000e+003 1.0000000000e+000
1 3.0307931761e-001 2.2704000000e+004 1.0000000000e+000
1 7.0406201361e-002 1.3977000000e+004 1.0000000000e+000
1 6.8321787164e-001 3.1673000000e+004 1.0000000000e+000
1 8.7728507340e-001 5.0210000000e+003 1.0000000000e+000
1 5.8207953124e-001 2.6924000000e+004 1.0000000000e+000
1 1.7792291025e-001 6.2700000000e+003 1.0000000000e+000
1 4.7529526658e-001 2.6777000000e+004 1.0000000000e+000
1 5.0395214698e-001 5.0970000000e+003 1.0000000000e+000
1 4.0562150945e-001 2.3986000000e+004 1.0000000000e+000
1 5.6877346110e-001 9.1610000000e+003 1.0000000000e+000
1 7.5588244270e-001 2.2355000000e+004 1.0000000000e+000
1 4.7532578509e-001 2.3655000000e+004 1.0000000000e+000
1 3.6783959471e-001 4.0310000000e+003 1.0000000000e+000
1 3.5126804407e-002 2.7350000000e+004 1.0000000000e+000
1 6.6301461837e-001 1.6941000000e+004 1.0000000000e+000
1 1.0470900601e-001 1.3966000000e+004 1.0000000000e+000
1 9.2141483810e-001 3.1107000000e+004 1.0000000000e+000
1 3.4601886044e-001 1.8007000000e+004 1.0000000000e+000
1 3.7501144444e-001 1.5457000000e+004 1.0000000000e+000
1 3.1690420240e-001 2.7753000000e+004 1.0000000000e+000
1 2.7191991943e-001 1.4945000000e+004 1.0000000000e+000
1 2.9783013398e-001 3.2209000000e+004 1.0000000000e+000
1 5.6730857265e-001 2.4221000000e+004 1.0000000000e+000
1 7.6134525590e-001 6.4220000000e+003 1.0000000000e+000
1 3.9768669698e-001 2.7506000000e+004 1.0000000000e+000
1 8.9019440291e-001 1.6413000000e+004 1.0000000000e+000
1 9.9465926084e-001 9.0000000000e+002 1.0000000000e+000
1 5.0538651692e-002 1.8762000000e+004 1.0000000000e+000
1 1.9409772027e-001 1.7410000000e+004 1.0000000000e+000
1 6.2678914762e-001 2.7624000000e+004 1.0000000000e+000
1 1.9788201544e-001 2.1548000000e+004 1.0000000000e+000
1 1.2335581530e-001 2.7595000000e+004 1.0000000000e+000
1 7.4315622425e-001 3.6020000000e+003 1.0000000000e+000
1 9.4109927671e-001 1.0291000000e+004 1.0000000000e+000
1 3.3634449293e-001 9.3740000000e+003 1.0000000000e+000
1 7.3311563463e-001 4.5960000000e+003 1.0000000000e+000
1 7.0802941984e-001 2.7348000000e+004 1.0000000000e+000
1 7.4724570452e-001 1.9668000000e+004 1.0000000000e+000
1 1.4450514237e-001 8.2810000000e+003 1.0000000000e+000
1 6.1037018952e-002 5.3000000000e+001 1.0000000000e+000
1 8.5265663625e-001 2.6418000000e+004 1.0000000000e+000
1 1.1563463240e-001 6.9000000000e+003 1.0000000000e+000
1 1.4282662435e-002 1.8127000000e+004 1.0000000000e+000
1 4.5454268014e-001 3.7280000000e+003 1.0000000000e+000
1 6.8617816706e-001 2.4648000000e+004 1.0000000000e+000
1 7.3915829951e-002 1.7807000000e+004 1.0000000000e+000
1 2.0197149571e-001 1.4310000000e+004 1.0000000000e+000
1 2.9038361766e-001 2.2813000000e+004 1.0000000000e+000
1 5.7789849544e-001 7.6160000000e+003 4.3671987060e-001
1 1.6022217475e-001 2.0600000000e+004 5.3260902738e-001
1 6.9579149754e-001 3.1556000000e+004 5.0416577654e-001
1 3.3597827082e-001 6.2240000000e+003 9.2483291116e-001
1 4.5747245705e-001 3.2609000000e+004 1.7838068789e-001
1 6.2520218513e-001 3.1950000000e+003 9.9804681539e-001
1 9.3154698325e-001 1.4343000000e+004 9.4424268319e-002
1 2.9004791406e-001 2.9314000000e+004 4.8463393048e-002
1 4.1074861904e-001 2.5200000000e+004 2.2733237709e-001
1 6.0417493210e-001 2.0580000000e+004 2.0200201422e-001
1 5.9785760063e-001 1.5281000000e+004 4.5164342174e-001
1 8.2882168035e-001 2.8009000000e+004 6.3475447859e-001
1 5.6578264718e-001 2.3622000000e+004 6.2480544450e-001
1 7.3793755913e-001 6.0380000000e+003 3.7516403699e-001
1 2.4289681692e-001 2.9657000000e+004 5.5516220588e-001
1 6.9853816340e-001 1.9815000000e+004 1.8897061068e-001
1 4.9449140904e-001 1.1511000000e+004 5.8464308603e-001
1 6.1207922605e-001 2.4272000000e+004 8.0416272469e-002
1 8.0455946532e-001 2.2646000000e+004 6.2041077914e-001
1 8.6776329844e-001 1.8875000000e+004 1.4914395581e-001
1 7.2771385846e-001 2.0142000000e+004 9.1158787805e-001
1 9.7656178472e-001 2.1881000000e+004 4.3244727927e-002
1 3.0585650197e-001 1.8651000000e+004 3.1504257332e-001
1 8.6907559435e-001 3.5570000000e+003 1.7395550401e-001
1 1.5491195410e-001 2.4389000000e+004 8.5125278481e-001
1 7.6631977294e-002 2.6000000000e+003 3.2694479202e-001
1 5.4512161626e-001 2.6869000000e+004 6.4101077303e-001
1 2.9877620777e-001 1.3401000000e+004 4.4828638569e-001
1 1.5268410291e-001 1.6423000000e+004 4.6559038057e-001
1 3.1391338847e-001 2.4182000000e+004 3.2306894131e-001
1 8.7337870418e-001 3.1426000000e+004 8.2671590320e-001
1 9.4402905362e-001 9.8320000000e+003 7.2505874813e-001
1 7.8499710074e-001 2.1540000000e+003 1.2726218451e-001
1 9.5614490188e-001 1.9976000000e+004 5.2461317789e-001
1 6.5388958403e-001 2.8692000000e+004 7.2298348949e-002
1 5.0508133183e-001 3.4340000000e+003 3.2215338603e-001
1 9.2001098666e-001 9.5120000000e+003 2.2711874752e-001
1 1.1456648457e-001 2.1718000000e+004 5.5119479965e-001
1 4.9684133427e-001 1.2423000000e+004 4.9256874294e-001
1 3.8239692373e-001 1.6687000000e+004 7.9338969085e-001
1 6.0631122776e-001 1.7437000000e+004 6.8819238868e-001
1 7.0790734581e-001 1.9300000000e+002 3.9521469771e-001
1 8.6327707755e-001 2.0416000000e+004 1.0065004425e-001
1 4.9693288980e-001 2.4488000000e+004 4.9153111362e-001
1 5.5284279916e-001 2.5734000000e+004 3.8013855403e-001
1 6.3087862789e-001 3.1316000000e+004 3.5712759789e-001
1 1.3165684988e-001 1.2263000000e+004 1.7661061434e-001
1 6.1201818903e-001 3.1185000000e+004 7.4330881680e-001
1 5.5940427870e-002 1.0808000000e+004 2.7863399152e-002
1 8.4710226753e-001 4.3130000000e+003 6.3924069948e-001
1 7.2167119358e-001 1.9558000000e+004 8.6434522538e-001
1 1.2649922178e-001 4.8100000000e+002 8.5399945067e-001
1 2.1759697256e-001 2.0222000000e+004 7.0793786431e-001
1 6.2413403729e-001 5.5350000000e+003 6.5981017487e-002
1 3.6759544664e-001 1.0466000000e+004 3.4101382488e-001
1 8.0690939055e-001 2.6292000000e+004 6.6103091525e-001
1 7.9821161534e-001 2.0024000000e+004 5.2656636250e-001
1 6.3020722068e-001 4.7450000000e+003 9.0063173315e-001
1 1.3657032991e-001 8.3130000000e+003 4.0244758446e-001
1 4.2783898434e-001 2.1680000000e+003 8.5522019105e-001
1 5.4808191168e-001 9.9050000000e+003 5.7338175604e-001
1 1.1066011536e-001 1.0202000000e+004 2.2559282205e-001
1 2.8427991577e-001 4.4140000000e+003 8.0806909391e-001
1 7.8966643269e-001 2.9334000000e+004 7.8814050722e-001
1 3.6115604114e-001 2.0159000000e+004 7.4382763146e-001
1 8.6361278115e-001 7.4870000000e+003 8.5668507950e-001
1 5.4243598743e-001 8.1770000000e+003 2.2946867275e-001
1 8.1453901791e-002 1.7630000000e+003 9.8486281930e-001
1 9.4698934904e-002 1.3985000000e+004 5.2470473342e-001
1 2.3279519028e-001 2.9213000000e+004 2.5882747887e-001
1 9.3166905728e-001 4.0990000000e+003 1.4658040101e-001
1 5.8748130741e-002 1.5430000000e+003 8.0141605884e-002
1 3.9863277078e-001 2.9972000000e+004 3.3643604846e-001
1 8.3721427046e-001 3.1003000000e+004 4.3281350139e-001
1 6.9356364635e-001 2.7593000000e+004 5.3425702689e-001
1 4.3641468551e-003 8.4920000000e+003 3.9771721549e-001
1 3.9872432630e-001 3.1286000000e+004 5.2562028871e-001
1 2.5516525773e-001 1.9187000000e+004 2.4112674337e-001
1 4.3552964873e-001 3.0974000000e+004 6.8404187140e-001
1 9.4100772118e-001 2.3500000000e+002 8.9025543992e-001
1 5.7670827357e-001 2.5760000000e+004 6.0158085879e-001
1 3.8303781243e-001 7.2850000000e+003 1.4246040223e-001
1 8.2277901547e-002 1.3694000000e+004 4.3031098361e-003
1 6.4882351146e-002 2.8019000000e+004 6.5996276742e-001
1 6.9151890622e-001 2.1694000000e+004 8.1109042634e-001
1 6.8565935240e-001 1.7371000000e+004 8.0272835475e-001
1 7.2792748802e-001 2.2593000000e+004 1.4279610584e-001
1 8.6870937223e-001 1.0180000000e+003 7.7776421400e-001
1 8.5482345042e-002 2.3152000000e+004 6.4455092013e-001
1 5.8809167760e-002 3.1060000000e+004 5.5201879940e-001
1 9.8181096835e-001 4.7570000000e+003 2.7500228889e-001
1 9.2251350444e-001 9.5760000000e+003 6.2001403851e-001
1 2.1866512040e-001 2.2758000000e+004 3.6756492813e-001
1 5.2146977142e-001 7.8820000000e+003 1.5594958342e-001
1 9.0267647328e-001 3.4870000000e+003 9.0231025117e-001
1 7.8212836085e-001 2.6250000000e+003 4.4175542467e-001
1 7.7590258492e-001 3.1928000000e+004 1.7181920835e-001
1 4.5664845729e-001 6.9020000000e+003 8.7041840876e-001
1 1.1407818842e-001 2.4596000000e+004 3.7842951750e-003
1 9.9264503922e-001 1.0195000000e+004 4.0473647267e-001
2 2.5211340678e-001 1.1581774346e-001 1.0000000000e+000
2 2.4771874142e-001 5.6791894284e-001 1.0000000000e+000
2 6.2034974212e-001 4.6061586352e-001 1.0000000000e+000
2 9.3911557360e-001 2.6562089908e+000 1.0000000000e+000
2 7.7968688009e-001 5.8705404828e-001 1.0000000000e+000
2 6.5678884243e-001 1.9367656484e+000 1.0000000000e+000
2 4.5548875393e-001 2.7275307474e+000 1.0000000000e+000
2 6.6420484024e-001 2.7639698477e+000 1.0000000000e+000
2 6.3637195959e-001 4.5237586596e-001 1.0000000000e+000
2 4.2207098605e-001 1.7087008271e+000 1.0000000000e+000
2 5.4060487686e-001 2.8291573840e+000 1.0000000000e+000
2 5.3648487808e-001 1.7358012635e+000 1.0000000000e+000
2 3.9698477126e-001 7.6595355083e-001 1.0000000000e+000
2 3.6652729881e-002 1.0508743553e+000 1.0000000000e+000
2 1.9653920103e-001 2.3858455153e+000 1.0000000000e+000
2 3.8944669942e-001 2.1094393750e-001 1.0000000000e+000
2 7.0955534532e-002 1.7723319193e+000 1.0000000000e+000
2 1.5591906491e-001 5.9309671316e-001 1.0000000000e+000
2 4.5435956908e-001 1.9331034272e+000 1.0000000000e+000
2 6.9737846004e-001 1.8129825739e+000 1.0000000000e+000
2 6.8449964904e-001 1.3239844966e+000 1.0000000000e+000
2 8.3574938200e-001 1.1896725364e+000 1.0000000000e+000
2 1.9962157048e-001 1.7767265847e+000 1.0000000000e+000
2 8.7603381451e-001 2.8484756005e+000 1.0000000000e+000
2 9.8748741111e-001 1.1752067629e+000 1.0000000000e+000
2 8.9574877163e-001 5.5601672414e-001 1.0000000000e+000
2 4.4209112827e-001 1.7234412671e+000 1.0000000000e+000
2 7.0854823450e-001 1.8821069979e+000 1.0000000000e+000
2 2.8559221168e-001 1.4896084475e-001 1.0000000000e+000
2 4.0766624958e-001 7.8069399091e-001 1.0000000000e+000
2 7.1022675253e-001 2.6860560930e+000 1.0000000000e+000
2 8.9608447523e-001 2.1854304636e+000 1.0000000000e+000
2 3.9744254891e-001 1.1807916501e+000 1.0000000000e+000
2 3.0863368633e-001 2.7116916410e+000 1.0000000000e+000
2 5.7060457167e-001 1.1644032105e+000 1.0000000000e+000
2 7.3372600482e-001 1.0607623524e+000 1.0000000000e+000
2 7.3641163366e-001 2.2361522263e+000 1.0000000000e+000
2 1.3934751427e-001 2.2183904538e+000 1.0000000000e+000
2 2.7262184515e-001 6.0060426649e-001 1.0000000000e+000
2 9.1116061892e-001 2.0414136174e+000 1.0000000000e+000
2 5.1768547624e-001 1.1036103397e+000 1.0000000000e+000
2 9.0746787927e-001 3.2822656941e-001 1.0000000000e+000
2 5.1799066134e-001 6.0930204169e-001 1.0000000000e+000
2 4.3855098117e-001 1.9645985290e+000 1.0000000000e+000
2 9.0456862087e-002 2.0630207221e+000 1.0000000000e+000
2 7.5807977538e-002 2.3877681814e-001 1.0000000000e+000
2 3.5511337626e-001 8.3498641926e-002 1.0000000000e+000
2 6.9731742302e-001 9.2178106021e-001 1.0000000000e+000
2 3.9487899411e-001 4.2811365093e-001 1.0000000000e+000
2 6.7577135533e-001 2.0361949522e-001 1.0000000000e+000
2 1.9873653371e-001 2.1749015778e+000 1.0000000000e+000
2 6.1574144719e-001 2.0821558275e+000 1.0000000000e+000
2 5.4402294992e-001 1.9647816401e+000 1.0000000000e+000
2 5.4539628285e-001 2.9499191259e-001 1.0000000000e+000
2 9.7460860012e-001 1.4896084475e-001 1.0000000000e+000
2 9.7000030519e-001 1.3921933653e+000 1.0000000000e+000
2 5.3099154637e-001 2.1836909085e+000 1.0000000000e+000
2 6.9283120212e-001 2.0398571734e+000 1.0000000000e+000
2 3.8865321818e-001 1.1164281137e+000 1.0000000000e+000
2 8.0980864895e-001 1.4996795557e-001 1.0000000000e+000
2 6.0853907895e-002 5.0877407147e-001 1.0000000000e+000
2 7.8450880459e-001 9.3176061281e-001 1.0000000000e+000
2 3.2193975646e-001 6.3750114444e-001 1.0000000000e+000
2 9.1860713523e-003 1.4540849025e+000 1.0000000000e+000
2 5.0788903470e-001 1.3196813868e+000 1.0000000000e+000
2 7.5856807154e-001 1.8179265725e+000 1.0000000000e+000
2 3.4983367412e-001 1.2033143101e+000 1.0000000000e+000
2 9.4235053560e-001 2.5280312510e+000 1.0000000000e+000
2 9.9731437117e-001 1.8700216681e+000 1.0000000000e+000
2 5.6288338878e-001 1.6049684133e-001 1.0000000000e+000
2 3.8679158910e-001 2.5907467879e+000 1.0000000000e+000
2 2.8424939726e-001 9.1930906095e-001 1.0000000000e+000
2 6.1259804071e-001 8.0202642903e-002 1.0000000000e+000
2 1.8646809290e-002 1.1736503189e+000 1.0000000000e+000
2 4.5573290201e-001 9.3203527940e-002 1.0000000000e+000
2 9.3679616688e-001 2.5739005707e+000 1.0000000000e+000
2 7.2731711783e-001 1.2057863094e+000 1.0000000000e+000
2 8.0840479751e-001 1.8348643452e+000 1.0000000000e+000
2 5.8262886441e-001 2.6263618885e+000 1.0000000000e+000
2 7.9042939543e-002 1.7851496933e+000 1.0000000000e+000
2 4.6223334452e-001 2.3796197394e+000 1.0000000000e+000
2 5.8946501053e-001 1.7719656972e+000 1.0000000000e+000
2 8.1609546190e-001 1.7076937162e+000 1.0000000000e+000
2 3.4360789819e-001 2.0183416242e+000 1.0000000000e+000
2 2.6734214301e-001 3.0762657552e-002 1.0000000000e+000
2 2.3212378307e-001 1.0247810297e+000 1.0000000000e+000
2 3.7177648244e-001 2.3131504257e+000 1.0000000000e+000
2 1.1688589129e-001 2.6096987823e+000 1.0000000000e+000
2 6.2895596179e-001 2.1768242439e+000 1.0000000000e+000
2 1.8305001984e-001 2.6819360942e+000 1.0000000000e+000
2 9.0203558458e-001 1.6067995239e+000 1.0000000000e+000
2 9.6523941771e-001 2.3403424177e+000 1.0000000000e+000
2 9.0157780694e-001 5.9218115787e-001 1.0000000000e+000
2 9.5342875454e-001 2.3923459578e+000 1.0000000000e+000
2 8.9037751396e-001 2.5465254677e+000 1.0000000000e+000
2 1.8549150060e-001 1.8862269967e+000 1.0000000000e+000
2 2.6502273629e-001 1.8508865627e+000 1.0000000000e+000
2 7.3223059786e-001 7.5203711051e-001 1.0000000000e+000
2 1.7096469008e-001 2.3644215217e+000 1.0000000000e+000
2 4.8097170934e-001 2.1417584765e+000 1.0000000000e+000
2 8.5537278359e-001 8.0657368694e+000 1.6302987762e-002
2 5.7335123753e-001 3.0750450148e+000 2.4933622242e-002
2 1.9190038759e-001 7.6207770013e+000 9.4601275674e-002
2 1.5381328776e-002 9.9505600146e+000 1.4556108280e-001
2 1.7416913358e-001 6.9167149876e+000 1.2953276162e-001
2 6.7665639210e-001 2.7500228889e+000 1.4429151280e-002
2 3.7125766778e-001 5.5668813135e+000 1.6779076510e-001
2 6.3826410718e-001 2.3255104221e+000 1.5590685751e-001
2 9.7106845302e-001 2.0462660604e+000 4.6339304788e-002
2 7.6924954985e-001 2.2919400616e-001 5.6355479598e-002
2 9.2776268807e-003 4.6998504593e-001 3.0372020631e-002
2 3.4327219459e-001 6.4391003143e+000 6.9722586749e-002
2 9.0701010163e-002 4.1654713584e+000 8.2918790246e-002
2 3.3802301096e-001 6.9930112613e+000 1.0904263436e-001
2 5.3550828578e-001 8.7627796258e+000 1.3151036103e-001
2 4.6580401013e-001 5.4017761773e-001 1.1401104770e-001
2 8.6336863308e-001 4.2683187353e+000 5.2003540147e-002
2 5.6584368419e-001 8.7466048158e-001 9.7323526719e-002
2 8.6425366985e-001 7.7849665822e+000 1.4188665426e-001
2 8.6440626240e-001 2.9303872799e+000 1.7011627552e-001
2 8.2866908780e-001 7.4687948241e+000 1.2898953215e-001
2 9.0835291604e-001 8.7194433424e+000 1.5312967315e-001
2 4.4019898068e-001 5.2198858608e+000 1.8251289407e-001
2 8.2308420057e-001 3.5404522843e+000 2.1533860286e-002
2 8.8503677480e-004 1.6986602374e+000 8.5549485763e-002
2 6.3753166295e-002 7.7358317820e+000 1.3149815363e-001
2 6.8391979736e-001 3.8569292276e+000 1.7969298379e-002
2 1.4288766137e-001 1.5411847285e+000 1.6152836695e-001
2 1.8585772271e-002 3.4617145299e+000 9.6987823115e-003
2 5.3682058168e-002 6.4766380810e+000 1.9569078646e-001
2 4.3174535356e-001 6.3750114444e+000 1.8283639027e-001
2 3.9197973571e-001 2.4262215033e+000 4.2176580096e-003
2 2.2858363598e-002 7.8191473128e+000 1.3080843532e-001
2 6.3429670095e-001 1.3846247749e+000 1.6521500290e-001
2 4.6345408490e-001 9.8352000488e+000 1.1008636738e-001
2 7.8218939787e-001 3.0072939238e+000 4.2963957640e-002
2 6.0805078280e-001 4.8063600574e+000 6.8514053774e-002
2 7.5585192419e-001 9.8446607868e+000 2.0508438368e-002
2 7.1166112247e-001 4.5643482772e+000 3.0182805872e-002
2 6.4168218024e-001 7.7553636280e+000 1.9975585192e-001
2 6.8819238868e-001 9.4613483077e+000 1.2424695578e-001
2 2.9041413617e-001 5.6718649861e+000 5.7966856899e-002
2 2.4646748253e-001 7.1239356670e+000 1.0965300455e-001
2 9.5208594012e-001 4.9266029847e+000 1.0934171575e-001
2 6.2340159307e-001 7.6519058809e+000 1.3397015290e-001
2 7.4556718650e-001 7.9879146702e+000 8.9156773583e-002
2 6.2950529496e-001 2.0465712455e+000 1.9779045991e-001
2 9.1842402417e-001 5.9132663961e+000 1.8196966460e-001
2 4.4975127415e-001 4.8942533647e+000 1.0111392560e-001
2 1.8295846431e-001 9.4042786950e+000 1.7787408063e-001
2 7.3052156133e-001 2.0303964354e+000 5.0398266549e-002
2 4.1383098849e-002 6.2511062960e+000 1.8823206275e-001
2 5.5638294626e-001 3.4546952727e-001 1.2827539903e-001
2 6.1403241066e-002 4.4636371960e+000 1.0890224921e-001
2 6.0093997009e-001 1.2778099918e+000 1.9921262246e-001
2 6.6026795251e-001 1.7282631916e+000 1.0077211829e-002
2 6.5361491745e-001 3.1598864711e+000 6.6493728446e-002
2 2.2165593432e-001 4.2753379925e+000 8.2113101596e-002
2 4.9757377850e-001 1.6647846919e+000 1.3570970794e-001
2 4.3510238960e-001 8.0275887326e+000 1.0153508103e-001
2 3.7592699973e-001 3.3951841792e+000 9.0945158238e-004
2 7.3332926420e-001 8.2735679189e+000 2.5720999786e-002
2 6.5062410352e-001 6.4336069826e+000 1.7823419904e-001
2 7.3720511490e-001 7.3400067141e+000 1.0290231025e-001
2 3.6329233680e-001 4.6586504715e+000 1.9142429884e-001
2 8.2125309000e-001 9.0469069491e+000 2.2443311869e-002
2 8.6947233497e-001 1.0870693075e+000 9.0963469344e-002
2 4.1669972839e-001 3.9155247658e-001 1.5228125858e-001
2 1.6489150670e-001 6.7781609546e-001 1.8723105564e-001
2 5.9114352855e-001 1.1694692831e+000 4.2262031922e-002
2 5.8012634663e-001 6.1830500198e+000 2.3676259651e-002
2 9.1567735832e-001 7.3158970916e+000 1.3806573687e-001
2 8.0889309366e-001 2.9853205969e+000 1.3395184179e-001
2 7.7254554888e-001 9.9752800073e+000 7.5643177587e-002
2 3.8828699606e-001 1.7059846797e+000 4.0888698996e-002
2 1.9565416425e-001 5.8101138340e+000 3.6249885556e-002
2 3.8175603504e-001 1.9028290658e+000 1.9203466903e-001
2 1.9818720054e-001 1.2085329752e+000 6.0805078280e-002
2 7.6107058931e-001 7.7120273446e+000 9.2532120731e-003
2 4.4865260781e-001 1.8005920591e-002 1.7621387371e-001
2 4.6137882626e-001 8.0156865139e+000 8.5280922880e-002
2 2.3853267006e-001 7.4941251869e+000 9.8977629933e-002
2 9.2205572680e-001 9.2776268807e-001 1.1188695944e-001
2 5.9663686026e-002 8.5705130161e+000 1.7877132481e-001
2 7.4724570452e-001 6.3206884976e+000 9.8184148686e-002
2 9.0993987854e-001 2.5577562792e+000 1.5121921445e-001
2 5.5287331767e-001 1.9965208899e+000 1.5840327158e-001
2 7.9039887692e-001 5.2220221564e+000 1.0254219184e-002
2 7.3177282022e-001 2.4079103977e-001 1.4083681753e-001
2 8.7557603687e-001 9.1424298837e+000 1.1067842647e-001
2 3.9497054964e-001 3.0545976135e+000 1.5939207129e-001
2 6.5199743645e-001 5.2613910337e-001 9.6383556627e-002
2 7.5621814631e-001 7.6860866115e+000 1.7700735496e-004
2 5.7557908872e-002 1.5478988006e+000 4.3952757347e-002
2 3.4589678640e-001 3.2715842158e-001 1.3412884915e-001
2 4.3629261147e-001 7.9818109684e+000 1.3957945494e-001
2 2.9532761620e-001 6.3557847835e+000 1.9634998627e-001
2 7.9317606128e-002 8.7438581500e+000 9.5400860622e-002
2 1.4304025391e-001 1.4325388348e+000 2.0203253273e-002
2 3.7385174108e-001 3.0875576037e+000 1.8360545671e-001
2 8.1386761071e-021 1.5290000000e+003 8.1423383282e-011
2 2.4002807703e-021 2.9422000000e+004 2.5653859066e-011
2 2.6938688314e-021 6.8170000000e+003 2.2940763573e-011
2 8.4618671224e-021 2.8667000000e+004 8.8772240364e-011
2 8.4481337931e-021 1.9965000000e+004 4.0925321207e-012
2 1.7355876339e-021 6.0220000000e+003 3.5593737602e-011
2 4.4929349651e-021 6.0650000000e+003 8.9449751274e-011
2 6.2306588946e-021 1.7903000000e+004 9.1170995209e-011
2 5.2262947478e-021 2.3942000000e+004 9.9935911130e-011
2 9.6935941649e-021 2.8424000000e+004 8.4023560289e-011
2 1.4670247505e-021 1.2269000000e+004 2.8440198981e-011
2 1.7099520859e-021 3.1908000000e+004 7.4184392834e-011
2 7.1663563952e-021 1.0130000000e+003 6.4506973479e-011
2 8.1273842586e-021 2.4115000000e+004 8.1820123905e-011
2 1.2466811121e-021 2.3557000000e+004 3.7510299997e-011
2 6.4986114078e-021 2.9997000000e+004 8.8970610675e-011
2 3.2197027497e-022 2.5346000000e+004 4.4889675588e-011
2 7.5991088595e-023 7.4920000000e+003 4.1850032044e-011
2 1.5662099063e-021 3.0115000000e+004 5.0172429579e-011
2 2.4289681692e-021 2.4723000000e+004 9.0655232398e-011
2 2.1350749229e-021 1.0530000000e+003 7.7120273446e-011
2 2.2827845088e-021 1.8239000000e+004 8.0642109439e-011
2 8.5204626606e-021 1.0867000000e+004 5.3895687735e-011
2 9.9182103946e-021 2.8487000000e+004 6.4690084536e-011
2 2.2775963622e-021 2.6634000000e+004 3.7107455672e-011
2 3.6692403943e-021 1.1470000000e+003 5.6132694479e-011
2 3.9790032655e-021 3.9260000000e+003 3.2496108890e-011
2 8.9904477065e-021 6.6030000000e+003 9.4021423994e-011
2 1.2509537034e-021 2.7831000000e+004 8.9397869808e-011
2 4.4560075686e-021 7.2790000000e+003 6.3478499710e-011
2 5.6010620441e-021 2.0449000000e+004 4.2368846706e-011
2 1.6510513627e-022 2.8316000000e+004 1.3965269936e-011
2 2.6743369854e-021 9.5680000000e+003 6.8169194617e-011
2 5.6147953734e-021 3.1419000000e+004 6.0725730155e-011
2 7.8826258126e-021 1.3852000000e+004 8.1841486862e-011
2 7.3949400311e-021 4.4500000000e+003 5.1655629139e-011
2 2.0111697745e-022 2.3000000000e+002 7.4834437086e-011
2 3.3390301218e-021 2.9561000000e+004 4.6229438154e-011
2 7.6793725394e-021 1.6560000000e+003 6.3100070193e-011
2 2.4201178014e-022 2.2362000000e+004 9.6911526841e-011
2 5.0047303690e-021 2.3147000000e+004 2.6596881008e-011
2 8.2238227485e-021 2.1189000000e+004 5.9724723045e-011
2 2.6364940336e-021 2.7664000000e+004 4.6009704886e-011
2 7.4819177831e-021 1.1522000000e+004 1.4526810511e-012
2 4.7657704398e-021 2.0529000000e+004 4.0391247291e-011
2 3.8364818262e-021 9.0600000000e+002 2.8885769219e-011
2 5.9688100833e-021 2.8963000000e+004 4.3220313120e-011
2 9.3157750175e-021 1.2550000000e+004 5.3315836055e-011
2 1.0101626637e-022 3.1924000000e+004 8.6523026215e-011
2 4.3745231483e-021 2.2926000000e+004 3.3298745689e-011
2 6.0237434004e-021 1.6337000000e+004 5.5964842677e-011
2 3.9033173620e-022 1.2394000000e+004 2.3306985687e-011
2 9.3737601856e-021 2.8165000000e+004 9.6414075137e-011
2 6.0884426405e-021 1.9136000000e+004 7.6479384747e-012
2 4.0705587939e-021 1.0005000000e+004 4.9861140782e-011
2 8.0080568865e-022 2.8665000000e+004 3.0430005799e-011
2 7.8154850917e-021 3.0569000000e+004 5.8845789972e-011
2 2.1625415815e-021 9.1530000000e+003 5.6074709311e-011
2 8.7444685202e-021 8.1950000000e+003 3.0143131809e-011
2 7.2716452528e-021 2.8397000000e+004 2.3111667226e-011
2 1.9074068422e-021 1.4641000000e+004 8.9037751396e-011
2 5.7435834834e-021 9.4400000000e+002 9.9526963103e-011
2 5.9266945402e-022 2.0290000000e+004 2.5696584979e-011
2 1.6986602374e-021 3.8060000000e+003 2.3151341288e-011
2 4.9491866817e-021 3.1451000000e+004 4.9317911313e-012
2 7.9653309732e-022 1.1065000000e+004 2.7976317637e-011
2 5.1557969909e-021 1.6075000000e+004 4.1230506302e-011
2 9.2474135563e-021 1.9696000000e+004 2.9218420972e-011
2 4.7578356273e-021 1.3162000000e+004 9.5135349590e-011
2 5.4838709677e-021 2.7359000000e+004 7.9445783868e-011
2 8.0169072542e-021 1.9427000000e+004 8.7011322367e-011
2 3.1809442427e-021 3.0775000000e+004 2.6795251320e-011
2 9.4335764641e-021 2.3553000000e+004 1.2765892514e-011
2 7.7492599261e-021 1.5496000000e+004 1.7593920713e-011
2 2.6703695791e-022 1.3650000000e+003 4.5481734672e-011
2 8.6233100375e-021 4.4610000000e+003 1.4496292001e-012
2 2.1280556658e-021 2.6822000000e+004 7.9723502304e-011
2 7.7968688009e-021 2.1578000000e+004 2.9877620777e-011
2 7.8145695364e-021 3.0196000000e+004 8.4215826899e-011
2 2.4265266884e-021 1.6344000000e+004 2.3041474654e-012
2 7.5746940519e-022 1.0130000000e+003 3.5624256111e-011
2 7.1535386212e-021 1.3429000000e+004 1.8045594653e-011
2 2.9795220801e-021 5.9680000000e+003 7.4492629780e-011
2 1.3476973785e-021 1.9090000000e+003 5.2565080721e-011
2 3.5889767144e-021 2.6435000000e+004 1.5884884182e-011
2 8.9989928892e-021 4.3200000000e+003 2.9267250587e-012
2 1.8146305734e-021 2.6807000000e+004 2.4924466689e-011
2 5.7072664571e-021 1.1368000000e+004 5.3996398816e-011
2 6.6493728446e-021 2.8533000000e+004 9.3255409406e-011
2 9.4531083102e-021 3.4480000000e+003 1.5326395459e-011
2 5.5800042726e-021 2.6223000000e+004 8.9516891995e-011
2 7.2542497024e-022 2.8584000000e+004 8.2244331187e-011
2 3.8831751457e-021 1.7983000000e+004 6.7198706015e-011
2 4.5097201453e-021 9.2210000000e+003 9.4949186682e-011
2 9.8217719047e-021 2.3857000000e+004 5.9483626820e-011
2 2.7240821558e-021 4.3250000000e+003 1.9797357097e-011
2 6.0054322947e-021 1.5970000000e+004 3.5535752434e-011
2 2.2995696890e-021 1.5678000000e+004 6.9182409131e-011
2 9.4817957091e-021 2.1992000000e+004 9.8260444960e-011
2 2.3755607776e-021 1.6829000000e+004 2.3584704123e-011
0 0 0 0
