0 0 1
3
0 0 1 0 0 1

0 0 1
4
0 1 -1 2 0 -1 1 2

0 0 1
3
0 1 1 1 0 2

0 0 1
3
0 2 1 2 0 3

0 0 1
3
-1 0 1 0 0 1

0 0 2
4
-1 10 -1 -2 1 -2 1 10

0 0 2
5
-1 10 -1 -2 0 0 1 -2 1 10

0 0 15
3
9 12 9 -12 25 0

0 0 60
7
-60 60 60 60 40 100 20 80 0 100 -20 80 -40 100

0 0 1
5
1 46 100 47 2 48 100 49 1 50

0 0 1
3
-100 98 100 99 -100 100

5 800 10
8
1000 0 -1 -1 0 -1000 1 -1 1000 0 1 1 0 900 -1 1 

-135 -93 15
15
-100 0 -75 -65 -30 10 57 27 29 -31 62 -99 101 301 73 64 49 81 60 156 -217 92 -135 -19 -99 67 -79 48 -32 45

0 0 0
