10 10
5
0 68
3 144
3 612
3 695
4 857
5
0 382
0 410
1 403
5 733
10 611
100 100
100
0 98
0 823
9 620
11 138
11 159
13 695
15 420
15 691
18 578
20 248
22 609
22 637
25 38
25 350
25 828
27 592
29 590
29 663
30 719
30 805
31 210
31 498
31 687
32 92
32 350
33 908
34 186
36 304
36 467
37 493
38 410
38 562
39 125
39 822
40 585
42 130
42 613
44 942
45 83
45 102
46 881
47 607
48 303
48 569
48 945
50 702
52 39
52 790
56 117
56 740
58 239
61 46
62 37
62 557
63 507
63 870
64 690
64 793
65 750
66 110
68 299
69 279
69 874
71 762
72 132
72 801
73 292
73 790
75 787
77 359
79 48
79 703
80 530
81 322
81 539
81 548
82 609
83 179
83 251
83 459
83 594
84 293
84 439
85 513
85 637
85 778
86 51
87 683
88 66
88 436
88 765
88 930
89 481
89 567
91 402
92 212
93 222
97 882
98 588
99 230
100
0 832
1 513
1 587
2 176
3 789
5 843
6 172
7 75
7 940
8 943
10 452
11 648
11 811
12 288
12 520
13 395
13 851
14 181
14 205
14 980
15 760
18 641
20 197
22 317
22 708
24 551
25 859
26 631
26 781
27 288
27 418
27 419
27 721
28 218
29 215
29 359
29 407
29 607
29 688
30 350
30 543
31 466
31 534
32 169
33 280
34 190
35 351
35 736
37 207
41 189
43 143
44 353
44 430
45 17
45 49
45 749
45 794
46 90
46 877
47 296
47 414
47 680
48 751
49 283
49 729
55 557
59 618
60 455
61 17
61 217
61 551
61 777
66 586
66 787
68 519
69 122
71 358
71 604
71 973
73 18
73 51
76 313
76 565
77 553
79 119
79 240
79 590
82 35
83 989
84 153
85 398
86 661
87 238
87 422
88 23
90 972
91 346
91 719
98 95
99 170
100 100
100
0 42
0 240
3 893
4 58
4 989
7 937
8 433
8 507
9 135
9 304
9 495
9 990
10 403
11 38
13 86
13 743
16 659
16 785
16 906
18 321
19 546
23 688
23 773
24 313
25 846
27 651
28 170
29 779
30 93
30 408
30 800
31 803
34 418
34 773
37 124
39 112
39 629
39 928
41 733
41 773
41 800
41 864
42 489
42 565
42 629
43 590
45 434
47 573
48 554
49 470
49 511
50 927
51 749
52 693
55 176
55 334
58 263
59 552
59 600
62 196
63 667
63 1000
64 884
65 931
67 432
68 295
68 896
69 371
69 889
70 914
72 402
72 890
72 944
73 274
73 285
76 84
76 803
78 811
81 126
81 765
81 940
83 574
83 842
84 600
86 641
86 703
89 159
90 346
90 559
91 416
92 495
95 417
95 489
97 827
98 97
98 717
99 813
100 505
100 654
100 868
100
0 917
2 498
5 970
6 382
7 582
9 943
12 312
12 509
12 564
12 689
13 775
14 65
14 609
14 730
14 811
15 337
17 397
18 679
19 34
20 588
22 607
28 36
28 65
28 195
28 575
29 580
30 154
30 401
30 434
30 532
30 706
32 662
33 28
33 189
33 651
34 787
39 84
40 192
40 359
41 615
41 852
43 147
44 342
45 763
46 82
46 716
46 795
47 517
47 670
47 866
49 643
50 279
50 434
50 511
50 649
50 711
51 54
53 250
54 74
54 172
54 602
56 461
58 911
59 964
60 562
60 594
60 615
63 281
63 984
68 420
69 91
71 592
71 643
71 897
72 427
74 966
75 574
76 250
76 610
77 392
79 483
79 756
80 335
81 47
81 306
81 529
82 30
82 593
82 955
83 505
84 705
85 386
85 957
86 434
88 51
89 525
94 483
98 876
99 207
99 762
100 100
100
0 674
0 815
1 294
1 853
2 729
2 921
3 621
3 990
4 278
4 824
6 511
7 205
8 502
8 920
9 931
10 998
11 253
12 251
13 520
15 646
15 948
16 494
17 789
18 292
18 413
19 863
20 765
23 669
25 894
29 570
31 58
31 514
33 564
35 19
41 46
42 871
45 23
45 343
45 956
46 422
47 121
47 503
47 660
51 832
52 861
53 906
55 489
56 211
58 47
58 488
59 431
60 13
60 90
62 412
64 124
64 152
65 18
65 288
65 798
66 203
66 566
67 218
68 688
68 771
68 912
70 103
70 557
71 840
72 585
73 308
74 850
76 814
79 26
79 946
80 379
80 822
82 390
82 905
83 612
84 207
84 553
84 808
86 343
87 336
88 516
90 570
90 820
91 800
92 317
92 573
92 721
92 800
94 228
96 293
96 678
96 859
98 76
98 621
100 47
100 691
100
0 917
4 81
4 528
5 132
5 865
6 418
7 799
11 364
12 436
12 768
13 412
13 719
14 243
14 947
15 260
17 562
17 690
18 575
19 280
20 98
20 451
21 927
22 124
22 783
23 620
23 997
24 15
24 288
26 168
26 199
26 221
27 441
28 14
29 475
29 912
31 594
32 706
34 269
34 593
34 854
35 39
37 959
39 296
39 777
41 527
42 162
43 365
44 453
45 279
46 776
46 844
47 430
49 113
50 308
50 835
53 294
54 992
55 511
55 741
56 153
57 50
58 339
59 14
59 243
59 317
60 507
63 305
63 369
63 691
64 972
65 479
65 831
66 261
67 299
68 165
70 26
70 45
72 203
72 223
74 754
77 113
77 133
78 409
79 122
79 249
80 933
81 177
84 34
84 46
84 659
86 423
87 67
91 365
91 955
92 210
94 859
95 553
96 711
97 81
99 131
100 100
100
0 591
3 124
4 167
6 368
6 839
7 7
9 68
10 948
11 448
14 226
15 436
16 199
16 768
17 258
17 410
17 713
17 783
17 837
18 424
22 880
24 322
24 596
24 648
25 215
25 763
26 729
27 692
29 359
30 197
30 215
32 385
32 407
33 928
34 393
36 13
36 283
36 322
37 493
37 595
38 602
41 223
43 117
43 564
44 466
44 701
45 940
46 632
48 762
49 108
49 151
49 837
49 954
51 476
52 809
52 889
53 209
53 990
54 45
58 15
59 354
60 258
62 254
62 279
62 433
62 513
65 57
65 837
69 633
69 795
72 408
73 724
74 473
76 120
76 779
78 374
79 129
79 880
80 291
80 627
80 750
80 828
82 74
82 472
83 244
84 921
85 219
85 577
85 978
86 782
88 517
88 702
89 514
90 410
90 916
91 500
92 27
92 842
93 963
95 301
98 662
100
0 640
0 696
1 231
5 295
8 71
9 492
9 602
12 389
13 257
13 907
14 563
14 828
17 1
17 442
21 377
23 384
24 471
25 2
27 785
28 23
28 228
28 735
29 143
29 555
30 222
31 20
32 748
33 648
35 299
37 907
38 427
38 526
38 745
40 18
41 434
42 856
44 438
45 107
45 373
47 289
48 211
48 223
49 427
54 206
55 829
56 938
57 806
57 926
63 410
64 300
64 454
64 823
66 121
66 369
67 321
67 499
68 204
69 94
69 415
69 902
70 33
72 466
72 570
73 354
75 690
76 113
78 573
79 437
80 564
81 161
81 580
82 86
82 176
82 942
83 69
83 127
86 61
87 558
87 751
87 860
87 972
88 552
89 319
90 145
92 263
92 549
92 744
93 86
93 958
94 872
95 172
95 613
96 954
97 247
98 110
98 158
99 49
99 443
99 949
100 376
100 100
100
0 361
0 660
1 102
1 402
2 61
2 167
2 290
4 26
5 908
6 497
8 514
9 533
9 887
10 227
12 184
12 499
12 553
13 45
13 919
15 341
19 370
21 790
22 2
22 313
22 687
24 619
25 162
25 587
25 847
26 459
26 541
27 945
28 223
28 290
28 856
30 8
31 611
33 283
34 268
36 761
36 778
37 673
39 857
42 322
42 411
43 346
44 411
45 296
46 510
46 977
47 440
51 617
52 380
52 756
53 207
56 864
57 133
57 960
58 633
61 210
61 341
62 391
63 685
64 493
65 617
67 440
67 665
68 622
72 218
72 893
73 737
74 461
75 195
75 218
75 363
76 202
77 436
78 114
81 36
83 348
83 942
84 886
86 495
86 708
87 871
88 419
88 663
89 129
89 386
89 704
89 931
90 518
91 692
91 721
93 468
93 491
96 270
97 563
99 531
99 577
100
0 497
2 350
3 582
3 808
4 896
5 671
5 868
5 934
6 157
7 446
8 729
9 361
11 543
13 273
14 973
16 949
18 458
19 601
21 964
23 979
26 629
27 590
28 444
30 31
31 925
32 93
33 67
33 136
33 750
34 275
34 972
35 165
35 425
36 283
36 606
38 603
40 61
40 211
41 345
41 863
41 919
42 209
42 290
43 426
43 530
43 802
45 222
46 524
47 8
48 268
49 128
49 292
50 925
51 693
52 820
53 213
53 324
53 604
54 5
54 689
54 943
55 785
57 499
57 685
57 839
59 369
61 168
63 420
64 85
64 596
65 386
65 649
66 556
66 763
69 759
71 581
71 846
72 204
74 359
77 158
77 409
78 588
79 133
80 300
80 822
84 576
85 882
86 419
86 498
87 62
87 202
92 198
92 969
93 500
94 205
94 510
96 804
98 657
98 839
99 453
100 100
100
0 673
2 158
2 375
6 591
6 634
7 765
10 708
13 564
14 412
14 742
18 554
19 141
19 339
19 961
22 202
22 438
22 812
23 299
23 926
24 779
25 998
26 70
26 439
27 570
27 738
28 543
31 306
31 706
33 284
33 438
33 454
33 465
34 339
34 997
36 232
36 331
37 422
37 872
38 474
40 179
40 738
41 107
43 794
44 31
44 91
46 551
46 728
47 692
47 851
49 155
51 98
51 440
52 378
52 397
52 624
53 189
53 814
54 149
54 399
55 260
56 29
56 341
57 703
57 932
58 851
59 114
59 186
59 522
60 3
61 934
62 692
63 961
63 994
65 169
65 278
67 665
68 501
70 590
70 748
71 354
72 458
74 800
75 170
77 773
81 302
81 337
81 727
83 143
84 110
84 135
85 474
86 615
87 154
92 329
92 846
94 533
96 579
96 704
99 158
99 415
100
0 480
2 222
3 572
4 753
6 878
9 381
9 606
9 989
10 186
10 432
11 640
12 686
17 702
19 507
19 521
20 761
21 114
25 554
27 424
28 321
29 263
29 482
29 739
30 456
31 125
31 216
31 299
31 971
32 293
32 441
32 719
35 394
36 537
37 764
38 926
39 242
41 244
41 908
45 201
45 567
46 284
46 553
47 303
47 597
48 467
48 723
48 774
49 406
49 692
49 771
51 158
51 817
52 376
53 725
54 215
55 281
55 631
56 440
57 41
61 745
63 660
67 958
68 215
69 212
69 644
69 767
69 834
70 299
70 818
71 743
71 987
72 287
74 519
75 356
75 809
75 899
76 37
77 328
78 737
78 894
79 575
79 881
82 319
84 246
86 955
87 548
90 293
90 400
92 354
93 997
95 215
95 215
95 733
97 878
98 509
98 800
98 800
99 118
99 700
100 609
800 800
800
0 277
1 54
1 455
2 370
6 434
7 694
8 174
9 393
9 793
10 493
11 530
11 762
11 813
14 801
16 399
17 214
18 647
20 695
22 168
24 949
26 879
26 991
27 326
27 468
27 830
28 188
28 706
29 789
30 479
30 554
30 796
30 913
33 457
36 677
37 255
37 679
37 800
38 349
39 293
41 680
41 896
42 640
42 908
48 131
49 843
50 28
50 467
51 144
52 469
53 280
53 737
54 789
56 600
58 508
58 841
59 63
59 513
60 201
60 498
62 0
63 28
64 922
65 849
66 922
67 142
67 648
68 410
69 585
70 546
74 759
75 256
75 821
76 806
79 489
79 643
80 678
81 88
81 328
81 634
83 872
85 950
86 552
87 72
87 562
88 7
88 494
92 760
93 145
98 410
98 532
100 38
101 434
102 571
104 283
104 957
105 914
109 90
110 507
110 645
110 882
112 840
112 844
113 97
113 213
113 570
113 809
114 797
115 290
115 504
116 490
116 533
117 669
118 217
120 285
121 911
121 915
123 392
125 427
126 608
127 543
128 515
129 106
129 346
133 849
134 117
134 504
135 991
136 762
138 552
138 768
139 997
140 242
141 760
142 470
142 901
145 51
145 528
145 616
146 572
147 598
148 795
149 713
149 806
150 797
151 30
152 619
152 885
154 596
155 660
158 450
158 673
161 443
161 631
162 710
163 282
166 852
168 379
169 140
169 834
172 275
173 73
173 650
174 458
174 903
176 548
176 970
177 346
177 841
178 275
178 443
179 852
180 814
182 434
182 845
184 26
184 680
185 653
186 446
190 276
190 667
192 449
192 641
193 755
194 868
196 848
196 888
197 781
198 527
199 336
199 856
200 345
201 39
201 497
202 172
202 496
202 773
204 39
204 311
204 766
206 524
207 743
208 501
210 474
211 690
212 805
213 636
213 919
213 951
215 969
216 410
217 187
219 64
220 8
221 919
222 260
222 287
225 180
227 665
228 705
229 830
231 171
231 571
232 931
234 686
239 825
240 512
241 63
242 41
242 846
244 60
249 700
250 860
251 474
252 242
253 141
254 743
255 680
255 697
256 529
258 17
258 764
260 349
260 506
260 838
261 209
261 925
263 88
264 846
266 249
268 203
270 792
271 73
271 170
271 867
273 226
274 112
274 571
275 796
276 36
276 392
276 425
276 542
278 15
278 287
278 785
279 414
280 83
280 317
281 187
282 36
282 313
282 786
283 78
283 482
284 20
284 718
285 13
285 564
285 589
285 939
287 140
287 744
287 974
288 238
289 424
290 480
290 595
292 66
294 62
295 229
297 444
298 576
298 750
299 277
300 618
300 990
302 864
304 178
304 293
304 586
306 51
308 319
310 837
315 604
318 28
319 110
319 629
320 504
322 66
322 711
322 856
323 242
324 641
325 177
325 253
327 66
328 148
328 196
329 261
329 637
329 827
329 861
330 286
332 178
332 211
333 583
333 970
335 352
335 758
336 884
337 747
337 900
339 661
340 971
341 318
341 560
341 903
342 455
343 791
344 659
344 798
345 20
345 585
347 524
349 49
350 701
351 81
354 29
354 764
355 718
357 777
359 145
359 296
360 21
361 24
361 142
361 941
363 304
364 561
364 656
364 669
366 734
366 926
366 930
369 165
371 431
371 653
373 475
374 109
374 697
375 122
376 200
376 772
377 580
377 813
378 391
378 744
378 931
380 119
380 648
380 688
381 66
383 387
383 868
383 933
383 976
384 591
384 863
384 925
384 948
384 962
385 622
385 798
387 531
387 685
389 618
390 555
392 926
393 649
395 619
396 45
396 546
396 759
397 782
398 305
398 931
399 486
399 614
399 781
400 943
403 282
406 164
407 100
407 286
407 309
408 748
409 313
410 242
412 591
414 413
414 536
415 276
415 506
415 673
417 532
418 125
418 141
418 148
418 277
418 406
419 242
419 910
420 580
421 479
422 94
423 97
424 540
424 607
426 300
427 516
428 561
429 409
433 170
435 323
435 618
436 398
436 820
437 356
438 916
439 443
443 987
445 215
446 432
447 412
449 552
449 696
449 754
450 650
450 872
451 256
452 44
452 521
454 44
457 813
459 238
460 494
460 605
460 823
461 361
461 454
461 490
461 582
461 709
463 793
464 327
464 474
466 398
467 941
468 667
468 793
469 95
469 177
469 1000
472 486
473 634
473 853
474 485
475 249
475 353
475 366
476 647
476 952
478 38
478 231
478 434
478 566
478 923
479 493
479 586
480 603
480 973
481 564
482 357
482 757
483 132
484 29
484 604
484 810
485 778
486 351
486 651
486 705
487 873
490 270
492 625
493 153
493 267
494 276
494 713
496 428
496 760
496 986
497 515
497 715
497 995
503 650
504 943
506 584
507 569
509 242
510 164
510 819
511 342
515 494
515 636
516 786
520 691
520 778
524 801
525 532
528 416
528 622
529 148
530 316
530 495
530 695
531 113
533 552
535 207
535 220
538 90
539 792
541 116
542 722
542 943
544 759
546 429
546 610
547 920
548 285
548 410
549 927
550 441
551 762
552 147
553 866
554 450
554 741
555 805
556 120
558 29
559 17
560 93
562 285
568 410
568 621
568 697
568 724
569 96
569 663
570 108
574 75
574 541
574 747
579 805
579 857
580 112
582 210
582 793
583 90
584 764
585 427
586 699
587 652
588 967
589 685
590 864
591 530
592 301
597 325
597 403
598 107
598 293
598 992
599 85
599 733
603 934
605 62
605 163
605 275
606 27
606 781
606 936
608 480
608 681
608 999
609 612
612 654
613 883
618 371
621 364
621 592
622 938
624 256
624 341
624 415
624 444
625 384
625 542
627 511
627 553
627 979
628 850
630 501
632 10
636 343
636 607
636 937
636 994
637 343
638 437
641 26
645 365
646 14
646 369
646 412
646 412
646 536
646 610
647 541
649 897
652 66
652 165
652 376
653 14
654 234
655 709
655 788
657 397
658 881
660 807
662 101
664 565
665 451
666 169
666 517
667 867
668 97
668 877
669 391
670 485
671 622
672 399
673 189
673 414
673 831
675 699
675 782
676 206
677 559
677 916
678 514
680 62
680 276
680 377
680 658
681 624
682 35
683 46
683 164
684 361
685 148
685 238
685 280
688 89
688 114
688 142
688 491
688 787
689 69
690 529
691 83
695 112
695 585
696 11
696 760
696 939
697 185
697 744
698 711
699 239
701 69
701 268
701 290
705 819
709 677
710 339
710 386
710 739
710 916
711 676
716 534
717 849
718 181
718 352
718 422
718 624
721 97
723 322
723 933
725 528
726 386
726 870
728 612
730 825
734 101
735 674
735 807
736 282
737 256
740 514
742 794
743 425
744 186
744 459
745 525
745 933
746 719
747 603
747 975
751 368
751 715
752 995
753 504
753 702
756 374
756 500
756 599
758 80
758 170
758 642
762 556
764 171
764 736
765 509
765 762
766 789
767 181
767 705
772 561
773 250
773 613
774 723
775 894
778 619
778 832
779 839
781 250
782 220
783 107
783 542
784 98
784 508
785 850
785 929
786 170
788 857
789 88
789 967
790 124
791 100
791 258
791 463
791 808
793 700
795 417
796 848
797 68
797 121
797 307
800
1 357
6 369
10 307
13 26
13 212
14 447
16 737
19 941
21 358
21 583
21 664
23 117
24 288
24 761
25 977
26 280
26 652
26 713
28 80
28 495
28 675
32 305
35 359
35 691
40 637
41 991
44 794
44 933
45 740
45 955
46 243
46 276
46 363
46 393
47 66
51 204
51 505
53 528
53 809
54 276
54 424
56 976
57 271
60 9
60 179
62 248
63 868
64 177
65 782
70 955
71 315
73 865
74 564
76 291
76 412
76 984
77 148
77 423
77 738
77 971
78 87
83 664
84 938
85 288
86 135
89 423
91 784
93 272
94 33
97 650
100 686
101 206
101 283
102 205
102 835
103 391
104 29
106 228
106 400
106 770
106 878
107 953
109 28
109 145
111 406
111 615
113 809
115 431
118 724
121 593
121 680
121 722
123 262
123 710
125 395
127 181
127 611
127 806
128 361
129 215
131 730
132 355
132 369
133 524
134 246
134 600
134 627
134 882
134 888
135 31
135 895
136 880
139 305
139 552
139 875
140 828
141 875
142 649
142 826
143 344
144 853
145 313
146 723
146 836
147 622
149 180
150 757
154 265
154 528
158 444
159 589
160 567
163 344
163 621
167 314
167 726
167 895
167 977
167 993
170 581
171 630
172 526
175 636
176 507
177 478
177 542
178 624
179 272
179 944
181 175
181 551
182 174
182 445
184 302
184 689
185 307
185 915
186 285
186 984
187 88
187 376
190 510
190 878
190 937
191 392
191 819
192 245
192 506
192 802
192 963
194 19
194 343
195 523
196 817
198 35
198 599
201 379
203 576
203 860
204 242
205 717
206 92
207 89
207 126
208 598
209 341
211 919
212 271
212 581
215 284
215 469
216 889
217 95
217 178
217 966
218 268
218 296
218 336
218 441
221 409
224 495
225 271
225 397
225 657
226 37
226 408
227 254
227 969
228 788
229 696
230 163
230 429
232 193
232 565
232 736
234 57
234 334
235 26
235 653
235 723
237 373
237 625
237 907
244 419
244 894
245 503
245 882
247 594
255 167
255 807
256 45
256 337
257 9
257 816
260 640
260 820
260 942
263 23
263 198
264 56
264 193
264 336
266 34
267 330
267 960
269 90
272 695
272 999
273 276
273 829
274 740
275 686
276 360
276 743
277 231
278 106
278 240
278 941
281 240
283 231
283 504
283 552
283 620
286 360
288 575
288 997
291 840
292 637
292 863
293 751
295 559
296 457
296 874
297 282
297 996
298 29
300 390
301 905
303 4
304 304
304 920
305 603
306 42
306 412
306 649
306 736
308 101
308 363
308 511
308 693
309 435
309 863
311 935
313 550
313 871
314 86
315 154
315 710
316 904
317 23
318 62
318 80
318 267
320 7
322 615
322 667
323 186
325 30
325 193
326 67
326 212
327 19
328 112
328 351
329 59
330 156
330 974
332 600
333 936
334 300
334 952
335 138
335 662
336 159
336 352
337 625
339 159
342 123
346 30
346 240
351 11
351 567
354 11
355 578
355 735
355 838
357 354
357 703
357 936
357 982
358 499
359 111
360 90
361 973
362 364
362 657
363 60
364 485
365 23
366 252
369 550
370 170
371 420
372 321
373 708
374 972
376 12
376 988
377 771
380 622
383 705
385 512
385 904
387 156
388 168
389 71
391 76
392 281
392 335
395 248
395 845
398 783
399 434
400 481
402 136
403 360
403 471
403 893
404 858
405 351
406 94
406 711
407 221
407 705
407 835
408 289
408 547
408 773
409 97
409 112
409 158
411 180
411 898
411 919
412 225
416 789
417 519
417 857
418 502
419 772
420 120
420 432
421 240
421 823
422 169
425 445
426 287
427 60
427 983
429 366
429 389
431 310
431 612
431 923
436 918
437 230
437 275
438 888
439 101
439 336
439 432
439 572
440 640
440 973
441 192
441 532
441 897
442 503
442 842
444 271
445 439
445 487
446 175
446 533
447 80
449 821
450 804
451 221
451 399
451 948
453 853
454 28
455 652
455 995
459 63
459 209
460 523
460 524
462 165
462 299
462 883
463 722
463 818
464 242
464 595
465 754
466 257
466 395
466 989
467 556
469 562
469 731
470 350
470 960
473 239
473 477
473 517
474 50
478 209
478 212
479 985
480 948
481 585
482 267
484 634
486 546
486 848
486 906
488 205
488 766
490 237
490 422
490 519
491 809
494 678
495 581
496 888
497 575
498 452
498 846
499 944
501 375
502 394
502 448
503 261
503 345
504 381
504 832
504 833
505 250
506 155
506 170
508 217
508 241
510 261
511 166
513 629
513 761
513 886
514 735
518 681
519 241
520 108
521 478
522 811
523 544
523 647
523 859
523 1000
526 301
526 760
526 851
527 163
527 414
527 883
527 968
528 216
528 354
528 573
529 47
529 450
530 597
532 904
534 82
535 294
535 343
536 182
536 477
537 599
538 977
540 693
540 732
542 108
543 730
544 154
546 46
548 130
548 850
549 173
549 927
550 457
550 503
550 941
552 37
553 511
553 656
555 379
555 415
556 184
556 233
558 392
558 976
559 281
561 104
561 748
566 617
566 860
567 354
567 666
568 702
569 759
572 110
572 122
572 138
572 180
572 752
573 547
578 532
580 733
580 775
581 224
581 932
582 5
582 453
583 803
584 401
584 469
586 960
588 127
592 312
592 316
593 394
595 264
596 3
596 889
597 357
597 600
598 302
598 933
601 721
602 699
605 521
606 519
607 725
609 60
609 624
610 854
611 826
611 993
613 310
613 640
613 656
615 286
615 885
617 233
617 348
621 267
621 459
622 297
622 607
627 479
627 498
627 532
628 195
628 691
630 866
633 652
633 855
635 506
635 988
639 363
641 119
643 818
644 883
645 520
646 44
647 733
647 841
648 334
648 409
648 678
649 23
650 20
650 131
650 980
651 373
652 235
652 829
653 695
655 156
655 470
656 732
657 498
658 767
659 555
660 409
661 556
663 5
664 735
667 62
669 764
670 10
671 139
672 131
673 217
673 739
673 985
674 19
675 631
676 819
677 75
677 483
678 663
682 358
683 551
684 943
685 283
685 951
686 507
686 516
687 489
688 156
688 823
689 732
689 794
689 964
691 376
691 628
691 678
692 128
695 267
697 516
698 127
698 178
698 553
698 845
698 882
699 347
699 809
700 444
700 656
702 123
704 110
704 241
704 262
707 865
709 118
709 522
710 916
711 426
711 968
714 541
714 619
715 151
715 842
716 252
717 480
718 692
721 502
722 118
723 227
723 404
723 861
724 699
725 474
726 276
726 797
727 320
729 236
730 127
730 249
730 615
734 601
734 884
735 45
735 613
737 129
740 569
741 95
742 984
743 520
745 777
747 518
747 817
748 389
751 689
751 734
753 750
754 432
755 19
755 193
756 810
756 904
757 312
758 147
758 705
760 377
760 523
762 338
762 997
763 54
763 121
766 220
766 496
766 545
767 769
768 777
770 843
771 908
772 560
773 542
774 824
779 265
779 380
779 421
779 496
779 945
780 59
780 299
781 33
781 232
781 296
781 577
782 491
782 829
783 377
783 556
783 890
786 814
788 616
789 322
790 648
791 493
796 933
797 673
797 710
798 879
799 546
800 629
800 630
10000 800
800
0 465
1 293
1 964
2 663
3 55
4 275
4 659
4 759
6 110
9 280
13 886
14 860
15 944
16 647
16 692
17 299
17 940
18 52
18 81
19 814
25 76
25 179
25 399
26 284
26 379
28 391
29 127
29 134
29 496
29 735
30 73
31 108
32 38
35 93
36 905
38 872
39 606
41 951
42 92
42 865
44 262
45 205
45 357
47 655
48 346
49 451
53 549
54 487
54 563
55 267
55 306
55 428
56 747
58 116
58 540
58 663
58 955
59 205
59 264
60 76
60 82
60 389
61 96
61 935
62 226
65 791
66 2
66 377
67 37
69 271
69 533
70 271
70 291
73 81
73 330
74 582
74 945
75 112
75 620
76 663
77 120
77 396
78 674
80 876
81 131
83 482
85 90
85 205
85 865
85 979
86 118
87 879
88 34
89 127
89 150
89 895
89 945
90 276
91 128
91 475
92 779
93 333
93 960
95 221
95 483
97 11
98 288
98 738
98 854
99 88
99 549
102 569
102 709
102 791
103 64
103 864
106 879
107 297
108 148
109 99
109 416
109 675
109 757
111 535
113 404
116 460
120 50
122 897
123 109
124 349
127 154
130 295
130 380
130 812
132 132
132 324
132 981
133 52
133 201
134 72
135 364
136 299
137 66
137 504
138 652
138 714
139 274
139 948
140 107
141 301
141 629
141 906
142 598
146 239
147 115
148 953
150 629
152 411
153 248
153 723
154 267
154 398
154 741
155 468
157 331
158 118
158 971
160 296
161 359
161 736
162 642
162 988
164 932
165 221
165 422
168 856
169 965
170 24
170 202
170 943
174 511
175 547
175 742
175 794
177 98
177 439
178 696
179 128
179 723
182 605
184 156
184 244
184 534
184 991
185 654
186 186
187 18
188 42
188 287
189 433
189 586
190 15
190 406
191 761
192 483
193 832
195 104
196 945
197 123
197 676
198 279
198 926
199 345
199 501
199 770
200 145
202 91
205 299
205 526
206 861
207 696
207 865
209 251
210 507
211 317
211 437
211 682
215 562
215 655
220 815
221 442
223 400
224 378
224 398
224 751
226 789
228 738
230 490
230 591
230 881
232 114
232 152
232 275
233 532
234 74
235 309
235 593
236 208
237 829
238 677
239 74
241 147
243 55
243 484
247 405
248 493
248 687
249 110
249 819
254 229
256 149
258 45
259 531
260 694
262 21
263 651
264 639
264 670
265 7
269 742
269 849
270 661
271 49
272 76
274 402
275 41
276 225
276 447
276 617
276 659
276 903
277 217
280 714
281 23
281 427
281 995
282 604
283 91
284 255
284 339
284 579
285 126
285 180
286 357
287 396
290 777
290 982
292 295
292 475
293 643
294 618
295 511
297 382
298 729
299 265
299 821
300 436
300 527
301 201
301 924
302 7
302 282
302 500
302 552
303 204
303 472
305 562
306 37
306 84
306 301
309 930
310 171
310 621
312 874
313 270
314 397
314 469
315 535
315 552
319 904
320 170
320 627
322 800
325 917
326 39
328 8
329 310
330 926
331 402
331 780
332 344
332 976
333 523
333 942
334 387
336 676
338 814
338 943
341 347
341 459
341 681
342 618
342 918
344 825
345 481
345 985
347 836
351 58
351 159
352 361
352 500
355 34
356 610
357 46
357 419
359 317
360 753
361 288
362 36
362 92
362 304
363 82
363 901
364 804
366 999
368 474
368 635
370 782
372 142
372 722
373 753
374 677
375 410
376 395
377 8
378 973
379 273
379 447
379 854
380 228
380 447
381 39
381 331
381 870
382 44
382 344
382 845
384 832
386 219
387 401
387 754
388 763
390 50
392 382
394 875
395 998
395 1000
397 462
400 249
400 798
400 884
401 774
402 598
404 893
407 198
408 255
408 905
411 89
411 134
412 813
413 602
416 48
417 68
417 97
417 411
418 199
418 723
419 546
420 525
420 935
421 695
423 234
425 328
425 765
427 246
428 1
428 192
428 410
428 740
429 90
432 84
432 293
434 7
434 516
434 713
435 778
437 227
437 252
437 801
438 320
438 449
438 838
439 909
441 74
441 570
442 499
444 33
444 542
445 366
446 563
446 989
447 904
448 235
448 671
449 392
449 465
449 551
450 296
450 733
452 8
456 322
456 970
457 181
457 594
458 532
459 65
459 196
463 311
465 556
466 419
467 845
468 801
469 599
469 857
470 581
471 352
471 787
473 907
474 28
474 918
476 489
477 235
477 622
479 176
479 198
479 246
479 266
481 694
482 511
484 490
484 675
484 842
485 418
485 624
486 408
487 608
487 952
488 192
490 513
492 283
492 788
492 966
493 545
494 54
494 105
496 571
496 713
497 613
499 275
499 603
500 180
500 463
500 919
501 279
504 262
504 940
508 810
508 913
509 723
511 430
511 624
511 832
513 523
514 296
514 747
515 926
518 86
519 16
519 966
520 697
520 881
521 532
522 161
522 345
523 329
523 872
529 535
529 788
530 85
530 298
535 365
538 173
538 930
539 478
539 715
543 677
543 694
546 370
546 727
546 948
547 306
548 537
549 653
550 87
551 298
551 713
553 688
553 815
554 9
554 438
554 521
554 667
556 869
557 23
557 846
558 170
558 356
559 766
560 698
560 789
563 943
566 328
566 860
567 42
568 552
568 965
569 106
571 652
573 293
573 387
573 452
575 587
576 122
576 789
577 341
579 556
580 187
583 26
583 230
587 363
588 131
589 631
593 692
594 93
594 643
594 838
598 347
600 600
601 584
604 377
604 417
604 754
604 886
605 375
607 212
609 577
610 850
610 980
611 74
611 688
612 970
614 534
616 293
618 535
619 13
619 481
619 946
623 856
624 302
626 151
626 859
626 892
628 363
628 862
629 565
630 967
631 939
632 675
633 713
633 959
634 908
635 180
635 621
636 303
636 323
636 700
636 799
637 118
639 492
639 559
639 941
640 662
641 456
642 34
642 97
644 245
645 515
645 844
648 613
651 269
654 318
654 967
655 151
656 469
656 746
657 968
658 418
658 795
659 698
661 78
661 209
661 259
661 265
662 389
662 453
663 264
664 623
665 175
665 566
665 626
665 816
666 631
667 379
667 554
668 167
669 839
672 216
672 287
673 233
673 356
673 623
674 496
675 381
676 375
680 29
680 760
681 479
683 1
683 2
683 877
684 668
685 404
686 405
686 496
686 619
686 867
687 278
688 710
689 261
689 335
691 595
693 443
694 383
697 449
698 707
699 276
699 315
704 71
705 679
706 968
709 476
710 83
710 508
711 190
712 464
712 949
715 500
715 960
717 669
718 456
718 618
718 809
718 947
719 967
719 983
720 148
720 335
720 833
721 112
721 974
722 34
722 109
722 420
723 517
724 160
725 776
727 334
727 978
728 117
730 58
730 60
732 179
732 328
732 743
734 899
737 197
740 990
743 33
743 790
744 832
744 976
745 107
745 384
745 535
745 777
748 948
749 179
750 787
751 58
751 268
751 540
755 419
755 776
759 806
761 115
764 561
764 901
766 223
766 698
766 946
769 933
771 175
772 729
777 45
777 201
779 112
779 438
780 550
782 951
784 589
784 822
785 514
788 290
790 623
797 197
798 693
798 939
799 207
799 227
800 120
800
0 437
1 389
2 241
2 864
4 429
5 258
5 775
6 752
6 837
8 379
8 419
8 785
9 685
10 14
10 90
18 541
20 380
20 977
21 486
22 688
23 910
24 502
24 557
25 80
25 314
25 885
28 517
29 8
31 536
32 504
34 196
34 743
35 534
36 12
38 608
41 858
42 880
45 324
46 921
46 971
47 642
49 713
49 891
50 348
51 218
51 409
52 770
54 825
55 635
55 750
57 519
57 549
57 824
58 269
58 888
60 669
61 323
63 651
63 690
64 742
67 455
68 596
70 869
71 728
73 131
73 438
73 922
75 350
76 587
77 277
77 870
79 169
79 872
80 328
81 419
81 813
82 43
82 121
82 769
83 921
84 510
84 769
85 600
87 862
88 892
91 85
91 435
93 520
93 659
94 419
94 599
95 37
95 180
95 328
96 630
97 97
101 95
101 496
103 316
103 475
105 816
106 7
107 122
109 445
109 841
111 410
111 905
112 614
112 900
113 90
114 497
115 699
115 703
117 631
118 153
121 67
122 405
124 592
124 639
129 43
132 398
133 606
134 322
135 224
136 430
136 536
136 971
137 477
137 994
138 76
138 482
139 184
139 211
139 863
139 958
140 306
140 900
141 427
142 84
142 287
143 247
143 400
143 633
143 921
146 199
147 340
149 104
151 260
153 623
154 273
154 336
155 534
157 186
157 870
158 392
158 912
161 834
163 500
163 631
163 995
164 893
168 734
169 864
169 957
170 777
172 282
173 324
174 89
174 435
175 885
179 804
180 145
180 248
180 676
183 956
185 202
185 336
185 464
187 622
188 630
189 979
191 217
191 993
194 454
195 731
197 294
197 692
197 860
198 844
199 571
203 303
204 175
204 422
205 319
206 261
206 465
209 209
211 834
212 624
212 980
214 30
214 837
216 360
217 219
217 679
217 961
217 970
219 304
219 330
219 508
220 396
220 549
222 569
223 314
223 836
226 93
227 21
227 184
227 831
227 969
228 328
228 478
230 110
230 973
232 244
233 429
234 31
236 915
236 987
238 547
240 102
241 743
241 985
242 221
244 659
244 827
245 586
245 958
249 624
250 446
250 487
252 431
253 271
253 828
255 190
256 381
256 646
258 476
258 710
258 894
260 659
266 292
267 186
268 253
268 388
268 406
269 64
269 364
269 989
272 407
272 832
273 240
273 520
273 859
277 420
278 53
278 506
278 559
280 539
284 253
284 274
285 237
285 542
285 667
287 244
287 754
288 791
289 541
290 381
290 912
291 58
291 659
293 747
294 294
294 772
298 356
298 656
299 165
300 119
301 883
302 269
303 981
305 866
306 168
306 539
307 469
308 273
308 449
308 481
308 579
309 503
310 13
312 105
316 82
316 310
316 463
316 823
318 346
318 796
319 402
319 708
322 83
323 590
324 600
324 852
324 900
325 218
325 374
325 696
326 151
326 847
327 577
330 503
331 223
332 149
332 666
332 888
334 264
334 560
334 644
335 62
335 342
335 806
336 13
339 408
339 858
341 320
341 580
341 779
342 159
343 141
343 273
343 844
345 238
345 788
346 138
346 591
346 866
346 944
349 770
350 666
353 142
353 545
355 83
355 519
356 837
357 205
358 422
358 722
358 779
359 541
359 923
360 775
360 905
364 128
364 570
367 624
367 904
369 580
370 660
372 174
373 407
377 928
378 537
378 924
381 471
382 498
384 97
384 148
385 385
386 263
387 142
387 512
394 129
394 704
396 344
397 42
398 325
399 35
399 579
400 667
402 885
403 368
404 365
404 368
404 993
405 5
406 491
407 992
408 15
409 991
410 493
410 722
412 308
413 366
413 537
414 184
415 761
416 34
416 470
418 19
418 248
420 407
422 50
422 623
424 303
425 143
427 425
427 900
428 447
430 398
431 354
431 475
431 509
431 548
432 977
433 472
433 491
433 891
434 319
434 848
434 898
437 178
437 485
437 596
438 482
438 835
439 126
439 441
439 715
439 800
440 531
443 214
443 644
443 719
444 576
445 982
446 362
446 959
448 670
453 155
453 201
453 938
454 985
455 934
458 131
459 237
460 8
460 779
460 943
461 126
463 40
464 493
466 103
466 593
467 282
468 357
468 676
468 842
468 886
469 121
469 388
471 835
473 167
473 667
473 733
474 680
474 916
475 726
477 515
477 895
481 679
481 807
483 687
483 862
484 397
484 706
486 296
486 836
487 120
488 61
489 370
489 999
491 44
491 56
491 196
491 676
491 722
491 881
494 300
496 395
497 796
497 814
498 985
499 20
499 282
499 894
499 957
501 812
502 688
503 230
503 612
504 297
504 774
506 655
506 744
508 178
510 572
510 815
513 69
515 12
515 696
515 990
516 226
518 491
519 863
520 782
522 988
523 497
524 945
526 947
527 44
528 309
528 451
530 413
531 250
531 957
532 687
533 904
534 455
536 243
536 433
537 176
539 30
540 501
541 511
542 405
542 541
542 588
543 139
543 173
543 437
544 387
544 797
546 486
548 355
548 412
549 562
549 895
551 584
551 748
551 840
552 133
553 250
553 618
555 356
557 566
559 591
559 639
560 166
561 757
566 526
567 758
567 873
568 163
569 655
572 0
572 564
573 519
573 520
574 454
578 487
578 535
580 12
581 657
582 588
583 126
583 268
584 438
585 22
586 137
587 250
587 280
587 341
589 730
590 684
590 967
591 60
593 414
593 542
594 722
595 356
595 593
595 636
599 834
600 262
600 484
602 20
602 558
602 944
603 424
604 97
605 977
610 128
610 632
611 119
614 709
616 594
617 562
618 902
619 213
621 455
621 804
624 5
625 41
625 467
625 603
625 941
626 206
628 43
628 974
629 453
629 992
630 861
630 967
633 822
635 25
635 379
635 702
636 765
637 293
637 751
641 318
641 862
643 819
643 922
644 293
644 334
644 511
646 205
647 10
647 591
649 4
651 97
651 404
653 99
654 522
656 111
658 720
659 108
659 503
660 156
660 313
662 211
662 353
663 193
664 156
664 657
665 737
665 812
666 189
667 802
669 58
670 293
671 518
671 1000
672 882
672 921
674 104
676 231
676 329
678 61
680 372
680 711
682 69
682 171
683 517
685 511
686 230
686 448
687 950
689 253
690 907
692 152
692 281
692 746
692 905
693 571
694 72
694 377
694 886
698 12
700 276
700 505
701 474
702 244
702 712
704 431
704 921
705 570
705 672
708 488
709 225
709 369
715 407
715 956
716 562
718 325
719 794
722 434
722 752
722 933
723 365
723 440
723 913
724 585
726 8
727 155
727 291
727 775
728 169
728 294
730 167
731 43
731 782
732 200
732 676
732 696
733 562
734 608
735 85
735 159
736 169
740 306
742 131
742 555
742 869
743 832
743 870
745 8
745 136
746 68
747 624
747 897
749 309
750 5
750 309
751 348
752 619
752 935
754 307
755 491
755 950
756 358
757 587
759 702
760 227
761 443
761 458
761 676
761 699
761 744
762 549
764 45
765 418
765 730
766 574
768 68
769 473
771 537
771 542
772 188
773 903
776 974
779 455
782 861
783 406
784 621
785 637
786 225
786 325
787 528
788 250
790 999
791 496
792 139
794 282
796 644
797 82
800 981
100000 800
800
0 271
2 603
3 142
3 547
4 810
5 423
6 503
6 611
6 660
8 523
8 931
9 813
11 960
12 983
13 302
13 693
13 767
14 11
18 270
18 825
19 223
19 354
19 546
21 675
22 279
23 670
24 326
26 303
26 359
26 933
27 9
28 262
28 632
29 406
30 74
30 455
33 36
33 511
35 730
40 654
40 700
41 243
41 243
41 492
43 497
44 674
46 114
46 446
48 310
48 439
48 999
50 948
53 445
54 96
54 219
54 416
55 98
55 455
55 611
55 672
56 59
58 115
59 436
59 764
61 420
62 633
63 182
63 521
63 694
63 803
66 5
70 498
70 630
71 909
72 32
72 737
74 473
74 902
75 459
76 273
76 483
76 513
78 915
79 960
81 36
81 473
82 245
82 701
85 439
85 866
87 974
88 218
88 889
90 438
90 927
91 197
91 568
91 701
93 355
93 861
95 925
96 86
97 456
98 471
99 435
99 493
100 241
101 420
101 806
102 926
103 795
105 6
105 451
105 545
107 232
107 598
107 923
109 152
111 125
111 499
112 323
112 840
113 953
115 208
116 88
116 93
116 614
117 5
119 597
120 320
120 698
121 358
122 808
124 117
125 511
126 20
128 237
130 983
131 162
131 433
134 866
134 888
135 249
135 888
139 236
142 52
142 677
145 259
145 752
145 935
148 113
148 961
150 28
150 729
151 630
152 30
152 506
152 930
153 288
153 311
156 123
156 828
157 267
158 20
158 139
158 345
158 986
159 429
160 35
160 374
161 14
161 279
161 586
161 878
166 514
167 374
167 420
167 468
168 9
168 812
170 139
170 779
173 794
175 178
175 610
175 702
175 958
176 460
177 1000
178 746
179 865
185 504
185 596
187 282
187 987
188 541
189 339
190 323
190 337
190 605
191 148
192 380
193 398
194 15
195 848
197 425
202 826
203 182
205 718
206 131
206 139
206 304
206 459
206 703
207 567
208 408
208 417
208 844
209 334
210 512
211 804
214 475
215 145
215 299
217 60
217 422
218 20
218 639
218 791
219 269
219 600
220 164
220 883
221 609
221 687
225 275
225 817
226 963
227 29
227 316
227 883
229 548
229 747
230 145
230 329
230 720
231 225
231 495
231 585
232 413
233 162
235 754
237 872
238 246
238 269
238 329
238 669
239 37
240 169
240 594
242 182
243 195
244 47
245 605
245 773
246 930
247 42
247 327
247 472
249 7
250 950
252 29
252 330
252 809
252 860
253 739
253 774
255 129
258 152
259 476
259 516
259 918
261 252
262 17
263 326
264 761
265 612
266 289
269 586
270 366
270 419
271 68
273 237
274 137
274 165
274 704
277 102
277 997
279 621
280 947
281 245
281 973
282 483
285 319
289 310
289 455
289 712
292 508
292 596
292 751
293 336
294 800
295 103
297 761
298 806
300 177
302 458
303 443
304 630
304 667
304 772
304 802
306 381
307 200
308 288
309 874
310 791
310 919
310 932
313 45
314 103
315 264
315 442
315 876
316 381
317 431
317 451
317 778
319 672
319 827
321 82
321 255
322 711
323 564
327 306
328 305
328 372
328 991
329 394
329 501
329 548
331 109
331 604
331 630
331 968
332 302
334 216
337 144
339 467
339 674
340 249
340 461
342 346
342 551
342 620
342 818
343 395
344 312
345 228
345 374
345 445
345 724
346 761
347 39
347 854
348 653
349 471
349 476
352 430
352 476
358 346
358 695
359 257
360 694
362 968
365 445
366 355
366 444
367 312
368 796
370 214
372 682
372 836
373 923
374 769
374 976
375 593
375 936
376 410
377 61
377 732
378 38
381 118
381 312
382 121
382 335
383 53
383 139
384 304
385 281
385 407
386 327
387 27
388 46
388 694
388 736
390 608
391 218
391 576
392 418
393 754
393 956
394 448
395 486
396 867
397 136
397 631
399 269
400 875
401 476
402 892
403 264
403 599
404 777
405 637
406 613
408 40
409 245
409 489
411 115
411 162
411 207
413 209
417 648
419 684
422 500
425 67
427 663
429 204
431 425
431 926
431 964
433 571
435 616
436 762
436 975
437 272
438 125
438 445
440 558
443 197
443 420
443 524
444 706
446 163
448 961
449 226
449 237
449 456
450 387
452 421
454 7
455 330
455 728
455 814
456 1
456 791
457 227
457 245
458 604
459 625
459 651
460 442
460 580
460 898
464 285
464 461
464 803
465 280
466 611
466 922
468 447
468 496
469 31
470 217
471 152
472 467
474 870
475 619
475 753
476 749
477 559
481 170
481 463
484 941
485 734
486 769
487 881
488 29
488 423
488 864
489 387
490 303
491 235
491 688
491 922
495 695
497 726
498 900
498 990
501 587
502 12
502 733
503 690
503 739
507 395
507 425
507 570
507 860
508 738
510 307
510 859
511 55
511 402
512 237
513 714
514 360
515 627
516 546
516 587
517 199
517 810
518 569
518 618
518 657
521 209
522 639
523 561
524 738
528 142
528 538
529 257
529 814
529 989
530 140
532 407
533 408
533 436
534 824
538 125
540 795
542 891
543 567
545 147
545 829
547 4
547 762
552 311
553 49
554 191
554 892
555 413
555 513
557 884
558 979
559 284
560 770
561 241
562 787
562 899
563 130
563 819
566 585
568 834
569 383
569 623
570 396
571 275
572 587
575 455
576 447
578 323
579 658
581 337
581 807
583 381
583 842
585 363
585 803
587 654
588 392
589 673
589 893
590 178
591 877
592 356
592 359
594 989
595 115
595 180
595 571
595 819
597 307
597 696
598 135
598 172
601 613
602 520
606 769
609 134
610 845
613 303
613 449
614 399
615 524
616 497
616 521
616 551
617 144
617 195
618 363
618 449
618 491
619 694
621 49
621 896
624 732
624 823
625 934
625 940
626 497
628 268
628 431
630 839
631 115
632 450
634 8
634 937
636 672
636 781
637 378
638 216
638 931
641 725
641 852
641 915
644 777
646 8
646 802
649 89
649 177
649 409
649 571
650 311
652 90
652 921
657 363
659 293
659 894
662 437
662 553
663 91
663 512
663 567
665 204
667 424
667 462
668 43
668 83
668 282
668 482
670 959
671 479
671 785
672 396
676 68
677 352
679 494
679 685
682 691
683 892
685 364
685 387
685 782
686 158
686 297
688 98
692 753
693 326
695 105
696 334
697 88
700 918
702 825
702 833
703 583
706 858
707 392
709 915
710 105
710 562
713 271
713 692
715 417
716 204
716 359
716 388
717 285
719 966
720 571
721 691
723 231
723 560
723 923
724 61
724 721
725 475
726 500
728 223
730 482
730 644
731 661
732 162
732 647
733 703
736 424
737 663
739 133
739 322
739 438
741 972
742 534
742 999
744 724
745 480
746 358
746 444
748 665
748 732
750 624
756 935
759 740
760 794
762 548
762 957
765 106
765 351
765 827
766 749
767 624
768 176
768 332
769 220
769 281
769 760
770 7
770 440
770 567
771 518
772 292
772 773
773 627
773 817
775 760
776 760
778 619
778 705
779 562
779 890
781 277
781 412
782 580
782 756
783 486
784 103
785 754
787 18
787 703
788 7
788 14
792 11
792 215
793 378
794 688
795 957
796 43
796 623
798 384
798 506
798 643
800
0 666
0 913
1 454
1 760
2 28
2 803
2 899
4 503
4 792
5 264
6 76
7 673
9 88
12 191
13 24
13 575
14 288
14 521
16 258
16 776
16 791
17 231
17 233
17 959
18 871
21 753
22 196
24 320
25 801
25 842
26 824
27 47
27 362
28 122
28 382
28 979
31 403
33 33
33 323
35 321
35 888
36 255
36 406
37 931
40 261
40 748
41 89
41 203
41 473
41 868
44 368
44 661
44 721
46 111
46 241
46 439
47 496
51 384
52 136
54 206
54 638
56 200
57 589
57 808
58 96
59 498
62 845
62 968
64 757
65 423
68 173
68 376
68 519
69 826
70 770
71 211
74 28
74 537
80 238
80 891
84 995
85 636
85 975
88 327
89 372
89 991
92 203
93 259
93 289
94 194
96 31
96 313
99 903
102 394
102 577
103 324
104 394
106 245
107 148
109 935
109 998
110 730
110 916
112 290
114 240
114 691
114 837
115 497
115 867
116 636
117 536
118 367
123 41
127 777
129 436
129 473
130 320
130 760
130 934
131 562
133 752
134 539
135 748
137 961
138 999
140 70
141 25
141 256
141 575
142 839
147 675
149 73
150 860
151 34
151 757
152 201
152 214
152 395
153 564
154 80
154 510
154 743
157 129
159 317
159 650
163 401
164 397
164 565
165 700
166 477
166 956
168 145
169 605
170 149
173 558
174 178
174 647
175 382
175 467
176 138
179 232
179 544
179 656
179 795
179 965
181 334
181 790
182 309
182 342
185 582
185 615
186 253
187 236
188 714
189 85
192 878
193 195
193 964
200 550
200 891
202 890
204 488
206 668
209 897
210 360
210 403
210 492
211 430
211 628
212 145
214 477
215 641
216 616
216 865
218 224
218 402
218 619
220 26
220 470
222 172
226 819
229 395
230 67
230 71
231 632
232 435
232 974
233 183
233 312
235 135
235 698
235 944
239 195
239 922
240 541
241 603
241 691
242 138
242 536
244 587
244 972
245 449
245 498
246 882
247 244
247 304
247 875
249 871
249 961
252 360
253 114
253 208
253 918
254 200
254 951
256 65
256 477
257 447
257 595
258 463
259 791
261 932
262 33
265 172
267 155
267 709
268 274
268 561
268 987
269 506
272 63
272 126
274 71
275 981
276 79
276 415
276 503
276 702
277 693
279 704
280 877
282 900
282 964
283 162
283 351
284 486
284 710
284 945
285 308
286 528
287 40
287 596
289 606
290 731
291 684
294 335
294 421
294 850
295 812
296 5
296 147
296 503
296 633
297 698
299 133
300 53
300 124
300 563
300 727
300 746
301 441
302 93
302 106
302 755
303 507
304 176
306 976
308 131
309 299
309 904
311 246
311 708
312 169
314 169
314 593
314 765
315 77
317 322
318 450
318 593
318 851
319 461
320 427
321 90
321 934
321 943
322 515
323 695
324 118
325 670
326 214
326 661
327 552
327 790
328 153
330 132
330 150
331 644
331 737
332 207
332 908
333 563
333 788
334 251
335 199
335 443
336 403
336 516
337 408
338 773
338 987
339 764
341 603
342 158
343 672
345 392
346 661
347 22
347 255
347 432
347 793
349 124
349 605
350 831
351 140
351 167
351 606
352 598
352 785
353 29
354 307
354 647
355 388
355 416
355 756
356 853
357 67
357 825
358 929
358 989
359 270
359 816
359 903
360 276
360 964
363 525
368 590
369 332
370 6
371 131
372 224
372 836
374 826
375 261
375 530
375 839
377 99
377 172
379 488
379 688
380 664
381 505
382 376
382 454
382 877
383 808
384 661
385 135
389 253
389 581
390 204
390 495
391 478
392 664
393 706
396 179
398 200
398 274
399 498
400 921
401 493
402 286
403 235
404 150
404 865
406 301
407 750
409 208
409 683
410 152
411 768
411 953
412 297
412 708
414 275
419 598
419 816
420 650
421 738
421 912
424 67
426 801
426 816
427 343
428 113
428 121
428 830
429 334
429 666
430 846
432 369
434 956
435 61
437 895
438 504
438 782
439 116
439 493
441 8
444 144
445 165
445 188
445 907
447 541
448 463
448 604
449 324
451 535
453 376
454 74
454 301
455 33
455 194
456 209
456 648
457 1000
458 75
458 562
459 619
461 831
463 271
464 467
466 43
467 169
467 294
470 99
470 227
470 340
472 331
472 586
475 948
476 600
478 623
480 252
481 478
481 858
482 372
483 534
483 966
484 570
484 600
485 376
485 767
486 846
489 299
490 266
492 20
493 101
495 379
495 706
498 759
500 426
501 12
505 52
506 770
508 536
510 754
511 144
512 678
513 215
515 26
515 336
515 586
516 655
516 926
517 707
517 814
518 915
519 173
519 315
521 329
523 551
527 968
529 359
529 912
530 682
533 90
534 728
536 234
540 379
542 0
542 728
543 184
543 595
544 31
544 108
544 341
545 623
547 72
547 104
547 161
549 606
550 586
550 702
555 192
555 421
556 581
556 960
557 428
558 76
558 287
558 596
558 707
560 415
562 830
565 685
566 299
566 710
567 245
569 247
569 863
571 293
571 597
572 333
573 280
575 210
575 564
575 832
576 665
576 962
577 426
578 685
580 405
580 451
581 168
582 279
582 547
582 848
582 918
583 585
585 611
586 416
587 139
588 78
589 231
589 756
590 610
591 654
592 423
592 464
593 562
593 567
593 977
594 635
596 351
597 32
597 676
599 246
599 289
600 835
601 554
601 994
602 43
604 147
605 196
605 975
606 88
606 199
607 18
607 63
607 127
607 221
609 29
609 255
609 883
609 919
611 611
613 770
614 282
615 940
617 631
618 498
618 818
619 704
620 661
621 425
621 980
622 938
623 311
624 982
626 112
627 250
627 683
628 210
629 214
630 736
630 957
631 303
633 514
633 901
635 601
636 88
636 697
636 804
636 890
638 386
639 138
639 861
640 239
641 248
641 390
643 676
645 97
647 107
647 231
647 568
648 19
648 53
648 215
648 573
649 155
649 332
649 477
650 427
651 106
651 630
652 184
653 87
654 29
654 208
654 933
655 668
656 157
657 515
662 137
665 55
667 472
667 661
667 862
673 526
676 597
678 48
679 56
679 71
679 624
683 636
683 913
684 70
684 530
685 197
685 915
686 518
686 936
687 203
687 949
688 231
688 342
688 861
689 115
689 705
691 642
692 165
694 969
697 973
698 355
698 819
698 956
699 525
700 347
700 896
707 124
707 362
709 298
712 248
712 316
712 568
712 729
713 314
713 564
713 928
714 838
715 478
715 650
716 51
716 995
717 481
718 222
718 926
721 497
722 40
722 653
726 344
727 63
727 151
729 866
732 780
732 883
733 219
733 851
734 198
736 542
736 790
737 128
737 765
739 861
741 422
742 830
744 776
746 207
748 252
748 943
751 174
751 348
751 491
759 635
760 729
762 99
763 169
764 206
764 611
765 391
767 375
768 108
770 408
770 552
770 978
771 74
774 578
775 448
775 492
777 930
778 42
778 423
779 826
780 206
780 625
780 795
781 734
782 525
783 554
784 591
785 940
786 243
786 785
786 854
787 590
788 679
789 460
791 110
792 431
792 915
794 132
794 187
794 716
795 561
796 199
796 580
797 183
798 680
799 581
0 0
