3 1 5 0 0 7 0 0
3 1 5 0 0 8 0 0
3 1 5 0 0 10 0 0
3 1 5 0 0 4 1 0
3 1 5 0 0 6 1 0
3 1 5 0 0 7 1 0
3 1 5 0 0 -10 0 0
2 1 5 0 0 7 0 0
2 2 5 0 0 8 0 0
2 2 5 0 0 7 1 0
2 2 5 0 0 7 2 0
2 2 5 0 0 -7 2 0
1 2 4 0 0 7 0 0
1 2 4 0 0 6 1 0
1 2 4 0 0 6 2 0
1 2 4 0 0 6 3 0
1 2 4 0 0 1 1 0
10 9 20 0 0 15 9 0
10 9 20 0 0 11 1 0
10 9 20 0 0 30 0 0
56 623 -161 -672 312 -921 -984 896
292 20 88 -244 246 876 -653 475
133 371 424 97 569 966 831 949
449 17 330 379 177 650 670 551
166 277 357 315 16 464 773 94
280 432 689 299 -352 632 499 84
9 517 210 -65 567 112 -566 872
494 263 512 -600 23 309 -932 -182
11 465 -207 -664 -185 401 -857 -381
397 548 385 896 34 -495 -392 -667
463 69 79 497 342 115 954 841
136 541 351 347 519 384 936 593
664 123 -645 -453 17 -999 -600 -809
368 551 -662 822 7 -255 921 -470
60 709 -185 -776 -300 -975 -662 -515
205 528 -183 774 157 -68 385 648
320 233 243 379 -581 220 874 -612
261 507 -188 863 292 -817 833 442
23 949 -451 753 -444 344 189 -994
594 157 721 69 -435 865 -306 -377
133 479 445 10 671 684 -898 758
854 201 -788 -637 -399 583 -903 -338
150 109 70 277 46 -558 -346 -323
304 587 256 796 651 -718 -436 5
86 626 552 -57 -522 662 -611 -900
111 428 -231 -927 368 -522 930 -238
353 781 762 -921 259 -605 600 -154
911 230 200 908 786 399 696 -881
294 325 309 -24 -614 711 -938 -827
504 422 839 100 -826 997 -574 -771
214 320 -183 373 -549 -828 209 -837
252 354 453 97 -680 647 382 -439
759 75 -61 -430 -791 93 -769 -1000
144 286 -286 170 548 -618 467 828
334 578 82 762 682 -877 809 729
288 196 -545 512 -23 -743 745 96
84 337 -231 -274 531 -632 -851 399
315 743 -842 -355 -599 -398 347 -841
318 45 251 8 307 615 -290 608
50 154 350 -939 -45 -443 -591 -273
752 622 -953 -854 927 -533 704 -218
168 935 -783 733 -318 -883 -236 -337
287 556 -822 -562 95 -764 -914 -749
568 273 -928 -175 41 -862 -259 -258
122 616 525 115 -797 869 682 -593
340 727 -905 856 27 -790 795 802
430 626 840 310 -760 201 861 -763
36 465 388 972 -828 -360 853 253
283 487 941 -464 232 826 -756 -210
36 355 -222 254 530 -644 771 417
46 564 -76 -872 -709 628 305 -415
545 394 105 -221 919 363 -984 775
471 151 -359 -543 -170 -130 -975 117
762 158 337 688 539 161 963 570
152 319 535 -287 -230 -10 -215 526
279 790 -897 -789 100 -886 -299 919
320 569 -569 -724 87 -138 -928 948
163 470 -526 536 361 -137 791 723
444 261 -846 -417 -814 776 474 143
113 346 -521 -508 -826 794 -152 -132
167 27 907 -717 844 -575 -498 879
161 202 -335 -26 420 -488 416 641
68 432 -400 -271 306 -161 -624 696
203 281 -837 897 848 -874 -729 -845
108 628 859 -73 159 817 694 181
72 201 -129 -581 -191 273 129 252
506 172 648 52 -435 657 -95 968
796 535 -964 983 -794 -613 538 -876
22 373 -328 -232 143 -671 -946 -763
39 982 429 -954 565 -777 -985 763
724 19 -548 -116 944 791 -437 -237
235 891 640 -929 58 -587 -949 727
303 695 -14 -850 -558 -20 -308 -994
187 381 -522 288 -450 -665 713 -61
153 707 609 943 0 -871 -945 786
112 100 52 -332 304 333 -622 410
504 192 -53 -923 -491 403 299 805
303 583 -43 568 724 -899 868 930
344 860 767 967 -335 455 442 -982
345 314 -882 140 205 -938 -94 769
222 212 -172 -551 318 -828 -873 650
602 128 545 -478 -694 823 -991 -670
405 246 -371 -894 -246 370 -911 146
175 340 -79 -373 -492 -343 -913 -263
441 141 -123 -625 -284 -102 -786 -115
456 693 -871 751 -192 983 955 851
352 35 -194 399 184 -437 609 383
345 53 -289 -394 15 -819 -868 393
203 17 689 790 336 853 -167 404
394 481 162 -426 -850 924 -97 -758
759 140 -530 448 -802 -437 706 -815
264 243 242 -369 -257 977 -289 -80
5 969 750 681 -700 783 -269 -902
103 679 -267 -148 -907 -768 -636 -465
334 817 513 -681 -851 -297 -368 -727
380 297 -306 -378 659 -339 -557 981
106 543 623 444 190 248 549 976
54 613 218 -908 492 -294 -742 840
1 515 475 204 1 550 -502 -992
137 386 -381 103 -683 -474 928 -996
0 0 0 0 0 0 0 0
