2
1 2
0 1
0 0 1
2
1 3
1 1
1 1 0 1
3
1 3
1 1
1 1 0 1
2
2 3
1 0 1
1 0 1 1
2
6 8
1 1 1 0 1 0 1
1 1 0 1 1 0 0 0 1
2
7 8
1 1 0 0 0 0 0 1
1 1 0 1 1 0 0 0 1
2
6 8
1 1 0 0 1 0 1
1 1 0 1 1 0 0 0 1
12347
90 98
6626 1473 1131 2986 7145 4123 10240 1187 2658 11458 9471 7177 2715 11014 4052 12265 4577 10781 4642 11894 1166 6161 11121 1368 109 6225 2749 2839 780 795 12277 455 2769 1341 11862 8413 5491 652 10369 11115 678 6594 2977 4928 81 6771 2683 6087 11803 8498 3565 4955 8541 2821 7562 11823 3923 11707 5973 10627 2903 6842 10829 1864 4123 8267 12178 4270 11107 2651 5338 8955 10331 7950 3564 603 9803 4042 7333 6670 5484 7153 6215 7575 2426 1514 4939 7880 9743 7001 3357
9818 11362 2844 4548 4424 3602 6113 5020 10816 8448 3680 2709 4913 5391 3624 999 12196 820 4481 7937 9669 2107 12015 9725 3779 6643 4505 5592 197 6130 5646 11853 2832 10476 3197 11155 4952 7549 4933 6406 8138 7512 2362 2932 5829 1557 7903 10473 6129 5125 6730 8688 4040 10220 4210 83 11030 5491 6774 3809 4611 7425 9860 4049 1774 5831 7408 8023 4969 2972 6785 5060 6432 7268 6180 11697 7571 11806 10931 7536 6953 2369 2619 5723 69 2887 3400 1045 7091 4062 8361 8135 5100 4354 10533 7380 10874 58 11501
4217
64 81
2112 2755 96 3685 1348 2657 1657 606 286 625 3341 282 281 3276 391 1715 1888 2445 716 3554 323 2848 967 106 3248 2132 1396 2536 1631 547 4030 39 2579 1658 3208 828 1740 872 897 2945 925 2266 3206 1882 110 4156 2460 1880 1943 3935 1696 2587 202 1438 287 872 2240 579 885 1679 1758 1712 127 2633 2535
2981 1893 2491 1317 3194 4199 1052 1051 2565 3435 1001 1817 2492 2282 3713 519 593 2182 1957 1461 681 1743 781 3605 3148 2891 188 515 1168 2207 2207 847 2111 3242 3330 2246 2254 2596 1813 3126 1982 1787 4113 664 1533 2178 1949 1835 1576 3014 1535 28 2517 1209 3258 422 3464 3278 834 3316 619 2013 3168 1899 890 3430 4212 1342 3149 675 1941 3153 926 3908 3786 1497 3371 2467 4167 54 2720 1859
23627
10 73
4932 2031 8920 21102 16773 7642 72 22730 363 6593 109
19737 12759 14521 1137 16677 10399 1424 19931 20148 6604 15113 19831 7778 12471 21508 582 21373 8491 13372 17000 20153 7799 17814 5012 10757 18626 34 2933 21300 1183 215 7031 7089 5271 222 19573 15133 4710 6514 23026 2286 5011 3570 4884 6844 9001 554 5451 8929 14479 191 8841 9625 8049 13279 19297 13930 4307 559 4243 21518 15225 5573 16504 5289 22537 4992 16386 3766 4893 11471 16824 6385 334
30637
54 78
26686 22618 2204 18630 23910 2143 21588 13192 4000 1387 24639 19414 17098 26358 1306 7170 9530 607 748 19094 14756 5024 937 8004 6205 23842 1398 21536 19232 20308 4239 1805 18929 20313 20822 24437 22721 8718 1540 15422 20018 10654 5613 1612 1244 8529 11782 16732 1090 19365 1700 7666 27417 18080 13959
15633 19882 695 14102 23821 10486 22020 1599 5291 4602 20118 20372 27352 13891 21642 12177 5787 27660 13114 4513 924 3495 3777 12355 13560 9246 29713 11383 18741 9497 12096 23237 20474 18434 23587 24960 10458 13928 25886 3148 4223 7073 25658 305 10838 22452 6776 259 21129 22902 29030 1508 19502 25586 15087 136 8126 17166 9079 1005 15816 13164 2600 23149 14822 399 13190 4413 12785 9279 2634 12984 13681 22062 25197 30396 16727 29403 29316
9199
9 47
4447 5426 6825 4500 4060 1720 4617 1570 5031 2358
4587 6143 4998 191 2199 2537 1748 3802 2933 3921 5208 6795 8441 6008 712 4948 4481 6003 8120 6870 58 7183 581 4746 5181 4644 8025 3705 5751 2021 4116 6283 8235 7533 4155 1678 5014 5117 4830 4539 2107 6552 8179 6735 4940 4399 6742 3002
2909
26 89
485 108 1770 905 759 2819 2611 413 2332 1032 457 2152 966 1044 1604 1180 2162 228 2716 2557 531 411 2119 2298 2728 2261 699
127 1753 2411 1452 1600 1180 479 2896 68 14 2895 639 2061 2222 586 1365 1118 156 1783 562 658 1530 1181 2360 1534 1242 1726 2279 1741 2661 1986 2494 2295 602 1375 2760 308 97 969 2195 1173 2100 689 503 2808 66 500 300 1603 812 1631 832 2684 1953 592 2367 577 862 1305 2154 472 2834 2820 2497 662 336 238 1154 2256 1623 117 605 98 1222 1409 755 1243 763 688 224 2139 2516 535 667 1264 1886 420 1 1711 1679
25583
48 81
3764 25195 24300 6031 2613 2075 17284 3599 11791 11608 14095 21225 9547 2435 9016 14767 904 4823 5730 10488 18457 9384 2986 414 4361 22750 1210 1577 4038 12900 4246 22154 2818 8909 9027 21517 19997 4568 1893 393 237 24387 91 13273 15869 14052 13996 9872 15646
1800 24675 18665 9177 18608 8104 22269 5684 6940 11825 4921 15928 20518 15881 13326 21217 4100 22416 23018 1590 4742 22724 8552 7865 2893 5583 9668 16385 21391 5776 1937 9894 21180 24045 19374 23389 19628 22041 9846 8548 5818 17859 1847 9249 709 5937 5110 10246 23684 2011 9488 17079 20762 23129 8724 24175 4348 6226 15760 3232 23469 6716 5674 2026 4819 14585 6976 9453 11717 15221 5743 17234 372 7801 2315 2264 1149 3428 3465 15417 826 13355
241
48 94
49 95 165 86 172 120 4 219 64 154 114 227 3 94 128 6 66 196 215 104 54 100 142 166 130 179 221 164 138 39 101 64 12 194 164 7 124 40 31 193 220 59 2 217 143 203 159 195 191
54 210 1 63 211 177 91 64 200 8 204 147 1 234 193 213 150 136 36 44 170 232 190 162 111 55 54 173 190 36 37 80 186 49 90 226 9 8 173 85 150 134 80 79 228 15 115 64 13 148 143 10 76 180 26 212 17 195 216 103 230 155 50 149 215 225 161 20 57 100 21 210 2 173 59 102 213 215 144 16 129 127 123 131 133 0 37 54 16 174 38 21 110 223 5
17839
55 69
5876 12964 5810 14297 116 16411 7121 7390 10989 12466 4356 10948 9444 14833 4127 8670 1712 11172 2557 2716 17755 1102 7527 16226 1079 12652 3977 8195 1600 12712 4543 1965 9778 10063 8549 5241 12475 13492 1761 10497 4881 3768 4888 6148 5943 4306 359 3706 4588 8115 3077 11297 4357 15117 10036 13041
9612 14625 2409 8764 5160 15628 17500 10489 7295 1147 2883 4986 11994 13844 8587 245 4935 7353 13525 8529 1797 4387 1371 14014 220 11910 9832 3403 14714 10089 5118 11730 4902 10729 6712 15671 7422 2438 5162 3729 5588 3155 15008 2471 13481 8181 10135 7359 1432 12877 3959 7283 13957 5184 15555 1860 55 14249 8628 6533 1844 13190 2446 6400 7006 14519 13887 13339 12700 1167
2551
28 97
1832 2445 777 2432 2402 2328 619 847 1701 1672 897 1809 1892 1887 1467 2027 1496 884 2548 2225 155 860 2511 921 1391 1465 1708 1210 9
1371 2280 2022 305 322 814 1196 362 1227 2414 2006 2030 1276 461 1707 1330 1624 1507 1362 755 2021 864 24 2335 16 1285 205 1671 1747 1746 978 852 1465 2539 1423 752 1389 425 695 1893 2135 1234 1535 1183 1192 864 2210 2357 330 2088 1239 1340 1497 332 1940 2033 766 1064 1121 185 663 179 126 2035 638 673 597 2063 891 2052 997 642 505 1844 1993 859 605 1750 2366 1104 126 1116 1006 642 1608 890 2015 377 654 907 1533 364 31 327 15 987 1225 2155
17579
27 59
7698 16007 4755 4356 16737 6898 822 3254 1472 1200 2466 12554 49 12709 3631 8808 3408 4234 1615 7553 12589 15549 13458 2233 15465 3825 11566 7980
13280 7203 10532 308 7741 14033 10065 8016 12861 1126 14864 12927 2225 14414 201 7744 5264 10550 4802 2775 1248 13639 8829 2845 5776 3562 6413 16875 13888 15828 3919 7103 8170 14842 10673 13825 14974 4464 1014 17533 15890 4998 12670 3534 7674 16764 14378 13150 202 6946 2522 8097 8264 13582 7798 10563 14660 10166 12778 1166
5393
2 43
3039 3474 3933
4752 2993 4144 2263 1337 1462 409 188 1647 3128 951 1972 2283 3998 4215 462 1336 3672 852 732 2998 3356 1325 2067 5115 202 3732 4235 4827 364 3720 4037 579 5313 5035 4465 3551 3755 1918 4187 3215 2608 3504 447
14173
61 82
2340 7989 6919 12614 3764 3141 440 2904 2850 1296 1974 1693 848 2676 123 5915 11972 9405 6197 1544 4021 12722 6035 7682 13380 8222 10825 11411 1258 7841 931 12062 10687 8706 1725 11209 1787 9670 8434 1393 4390 9125 11360 6010 2871 528 5061 11767 3469 9913 732 4557 12559 10276 8616 9560 3387 6893 1848 4582 5150 13282
12583 12085 3275 1053 832 14095 8826 1359 11838 5081 962 5294 3542 6803 3780 507 7267 698 7699 3892 10102 7369 12708 7694 6897 6601 11579 2017 9905 13415 3612 699 9444 2685 3063 12892 11274 420 1753 8 4808 11349 3288 305 7479 10423 645 9844 3898 13351 10129 12176 9251 10120 2492 4923 3898 1444 8972 185 10148 11683 8236 3722 9503 13383 8483 1336 7764 1066 9497 7633 4561 5988 8214 5682 1208 580 985 5329 95 3496 2655
2689
74 81
2500 1771 2650 1005 635 2267 719 140 2451 1494 1124 2304 1872 2525 210 11 23 1940 2057 2310 1392 993 2591 300 2248 1808 636 2107 1188 1653 632 1817 2428 680 2494 2294 1679 2543 2574 1888 278 815 325 799 511 1984 2160 721 1278 2533 1867 415 1024 1946 1659 53 795 1940 2446 2051 1799 1134 530 2570 880 2387 2333 1138 683 2489 1260 422 1896 1754 2433
2332 596 2396 2332 2346 116 1838 886 1090 422 1493 1188 298 1178 2143 1248 197 1444 2391 1777 1391 982 1520 585 530 359 970 2497 2212 1961 2642 97 1074 1406 1856 2372 2254 174 1516 1640 571 1936 278 2568 185 1504 653 2653 845 290 1358 247 524 2004 2578 194 1205 6 2594 1151 1466 533 2614 1636 700 806 1516 451 1686 1234 1842 1426 214 1124 998 1018 2234 406 1699 476 2662 1477
15647
80 90
2104 195 6219 9980 8956 1202 9612 7494 11620 8180 3700 3228 14228 9514 13429 2299 15243 9260 3653 7732 11300 13809 14881 8131 7741 14709 1166 514 3353 11101 12994 4283 228 10198 13481 10338 1844 9705 9762 7590 953 8995 11022 3997 4844 341 4419 13766 3882 14793 10628 9910 8551 11049 5236 10409 699 7811 7400 2844 13893 15053 3646 9180 5925 11177 3786 15644 13460 13932 9878 8270 7154 1083 10733 845 1883 2102 6928 10324 4258
1436 3786 13185 9620 12706 4138 8748 581 717 13613 1177 3148 6152 2300 7922 455 9377 12055 13456 5185 15138 9969 580 2686 5858 3482 14191 13388 6229 6437 6542 925 15427 7584 14969 7444 5633 9321 15187 10756 11580 12198 12349 4087 6164 12968 4038 11243 14280 3865 1288 14215 2902 5496 3380 6176 3971 4702 11822 421 2232 3944 7607 7487 10897 12848 11401 13519 10481 1276 2566 3996 8954 4439 562 7120 8057 15045 8799 15616 2886 6518 779 12170 11819 7444 10502 11554 1764 8897 2772
6397
36 70
5289 1007 444 502 1480 1157 6064 6169 194 429 3865 6177 1199 2233 2179 5564 918 377 5781 787 5246 1778 2451 1030 973 728 5552 5739 6347 2734 3788 5524 832 2512 4605 579 3018
4635 6200 3233 387 4181 1841 4277 1132 5498 5515 4049 3137 1970 507 4725 3907 3023 1885 3195 6387 1539 1350 1087 6368 3089 6171 2372 51 4850 973 3111 5652 5118 1552 4735 3431 500 3496 1645 1996 378 2884 237 272 2007 727 3290 5988 6385 1691 5605 2927 6244 1681 2061 3109 5390 2514 5147 4354 4027 2536 2914 4284 544 905 2042 1770 5877 1098 5644
30181
39 88
13622 8840 2174 29645 23379 25953 1954 27031 16782 574 8235 28459 28050 11800 2462 16317 22864 22211 13590 13959 15276 13253 2324 5064 18805 1533 23273 4877 667 14 557 13999 24476 23415 21807 27805 29504 10373 23898 28764
21639 1415 19384 3659 25822 7215 17229 11308 18072 26924 6421 15072 6045 278 1104 30066 17501 26521 10525 4439 1800 15558 12618 17396 26369 10667 26475 16737 19600 10176 2089 6253 1778 21229 15837 4066 4615 20720 1145 26890 17363 18430 8982 11121 5157 10413 17244 24045 13328 20241 14590 20700 13575 16165 3868 23981 23116 109 1368 16290 7850 23770 12444 27091 16999 1774 2014 2194 30069 27424 26715 19295 29160 12418 15171 28611 6829 11425 15071 3905 29304 20141 29619 13859 2329 17882 22320 21217 27750
5531
53 77
4175 2177 37 759 1928 1822 5150 1688 36 2041 3522 3522 3220 3946 3350 5185 4469 3253 1636 840 4128 420 4700 4140 2093 3252 5188 1713 4826 1988 672 186 3297 2447 260 4074 5102 750 3008 756 677 3001 2747 44 2284 2054 3767 763 2812 671 3023 2072 3805 4552
4079 3849 153 3691 3523 1484 966 298 4488 1616 627 3055 4791 3242 1180 3826 1546 1395 1619 2515 4075 2489 3553 3032 5009 3440 3932 86 4391 261 606 3214 3049 3706 2188 665 3051 543 2441 2757 4276 2194 1866 5311 2964 4845 5422 694 1311 2860 4320 3567 802 3366 225 3961 2737 1658 1336 4534 3573 4160 1098 3173 1427 592 3620 344 4102 2750 3353 396 1530 4790 226 4168 1941 1963
4259
7 58
2278 3714 3681 3477 498 621 3273 4091
137 2232 2783 2845 623 1840 492 3312 4037 2056 3913 3085 3322 1175 2693 917 538 3396 3726 622 1797 2545 2413 2498 267 2195 1099 1798 3852 1241 1478 353 3782 1468 2631 2698 783 3279 586 1521 37 1896 4130 2804 3256 2254 1116 3232 1680 1366 53 236 1354 1926 1943 3234 260 967 2645
18047
66 95
10008 5862 1943 10462 14570 2263 7382 5292 918 3399 8150 121 6544 7549 10262 17745 10752 12801 15568 12308 3993 7374 479 331 11796 2123 14172 1975 16498 7296 6657 11950 17033 7814 10331 2219 11837 12471 30 12571 5515 6704 8654 17277 971 9718 1447 2864 15925 4337 6720 9858 1958 7332 5609 11666 6046 6803 3156 15569 8713 650 7934 1129 11975 2818 10056
709 2533 13404 2521 3428 7723 7378 4187 11001 10718 12587 2496 1330 16571 3125 4600 11475 11851 15472 13388 7561 2136 8327 9226 7289 10682 14085 10856 1055 2647 327 15133 14804 2410 16811 2518 14513 16898 8338 4170 10134 8270 10503 13867 3331 15640 15154 2754 5295 8592 2204 12497 15446 12876 9232 197 4949 11276 5594 518 12405 5186 14265 1963 11908 7762 9230 4441 6571 13205 11740 11745 2043 16932 12014 13358 13384 9685 4818 3172 3515 6527 17679 9794 9635 513 3221 3145 14350 9353 12912 12960 788 11282 13631 6201
12841
33 88
2337 2154 9004 5926 11260 11521 82 2890 8456 9405 6768 1151 6954 7522 3576 5688 4827 4096 2131 4811 6085 11615 3422 6383 2477 4840 8214 4035 10750 6611 191 6565 7556 8697
8150 2955 4463 176 4581 4553 5145 4740 12213 3663 7985 1710 6707 3408 9596 5484 807 4089 4191 2878 3504 7989 6072 6191 6616 11495 1190 8291 10733 12383 10842 11637 11756 12693 2148 1210 8698 1161 11258 6292 6682 8569 6641 12528 8050 10533 1052 6532 12436 5327 3266 3443 3690 2303 4215 7581 1168 7616 7538 8168 3164 5837 7343 4052 8943 4685 5573 451 267 3304 4546 3538 11766 474 4597 1955 2778 11204 3525 3979 6721 7973 3418 3909 7603 6572 296 1273 3341
22447
40 46
15585 4558 5755 3973 6888 12839 10593 4415 9134 13878 4516 8100 2382 3051 10893 10963 9774 19852 8530 17872 16539 88 13811 3952 3159 9835 1918 7085 16668 10209 7944 3969 2948 22334 15388 7888 18044 5390 8728 14022 4425
22217 92 4677 9264 5368 5280 4310 11345 3310 4608 9735 19977 16336 4755 7256 2668 16807 471 20539 7733 426 1321 1845 5778 14499 1311 1671 4862 362 4443 19953 5859 7922 291 739 22025 13421 5737 11519 11585 13191 4545 20830 15193 7139 5124 16088
2753
60 86
985 2380 474 190 507 106 125 1812 577 2708 1735 1000 1795 1808 2224 1186 2639 1106 471 224 1617 2605 2587 237 2518 2007 1749 1627 1694 1549 443 1611 1835 2446 261 539 98 95 624 806 479 5 1491 1625 1025 1620 2468 75 103 1755 1375 1120 1987 2077 1669 1915 2099 447 2700 1772 2111
1525 2484 71 808 510 1881 797 1940 2170 2455 222 2384 1555 594 1188 1756 2175 996 2048 11 2286 744 677 223 1344 1638 1186 2365 1863 1731 762 1420 2059 1810 1518 1848 1535 1659 2252 223 1939 1408 2415 2451 1767 39 731 2212 1011 2633 1626 873 2733 889 158 1536 2300 2253 1993 2434 1375 451 2229 751 1341 775 246 1594 897 166 2582 2114 2075 675 1903 2223 1177 2050 167 2581 2201 338 329 1888 1537 1181 1391
4051
11 64
3626 2396 3525 582 1708 3535 2024 80 672 3292 1455 1467
214 229 1216 3380 664 526 1115 2750 53 1725 1941 3469 2126 1858 1697 3077 1714 1061 363 3186 484 1900 1556 42 1018 540 2622 1237 3334 2982 3393 2552 3481 1783 2449 1281 1576 146 3647 3692 1898 2227 1860 3773 2061 3540 378 2082 1498 389 3626 2987 1423 730 2279 2380 1675 919 2618 380 360 878 916 2881 1695
59
49 78
0 35 9 41 31 6 51 45 48 33 54 17 32 27 17 13 31 49 23 29 38 41 2 0 53 12 14 2 10 19 49 38 56 50 22 35 20 7 29 34 11 44 33 6 27 52 13 45 58 43
29 19 34 56 41 6 39 1 37 47 6 6 23 10 40 34 0 35 7 54 11 11 10 55 47 25 21 40 2 16 14 10 51 49 41 3 16 15 31 5 51 34 35 43 1 7 28 6 20 29 4 39 11 32 14 20 41 42 44 56 51 33 36 7 46 33 16 24 39 21 5 42 10 2 15 51 35 33 24
15241
48 84
14658 12104 12618 8468 12886 4639 10300 1383 7792 14759 12531 7125 9760 14998 2675 3504 7095 9617 8950 11853 14505 3026 186 9188 12626 1625 10508 5578 9975 5047 11591 3977 288 1814 1785 2131 13846 14552 12126 9882 9850 12406 13879 14388 12661 14699 7543 5269 10365
6121 14278 5922 10083 12624 5858 9633 13137 7109 12288 14404 8000 1653 12619 12439 4030 1497 10442 12383 2005 14468 168 2075 8985 5162 14486 12970 8033 12730 9411 11863 7080 3805 14311 4349 13453 13978 6871 3266 443 732 15089 398 7323 11544 6075 13060 5605 9308 5063 11588 1398 6767 2147 11968 6632 5300 963 10070 2285 13300 14514 10489 9533 9058 6468 4777 6347 10647 737 1169 1305 13281 13993 12421 12816 10770 1897 14702 1857 9379 10204 14287 4033 763
4099
16 42
2827 483 3724 691 69 4043 1291 1567 2951 3768 548 2956 718 1872 3274 3475 2370
2122 559 2198 3416 2561 2762 3067 1394 2862 1688 1567 3352 2110 1122 3441 1774 1043 2162 3405 2359 1279 1659 1998 1607 2426 675 655 1819 2344 3542 397 2717 1681 451 1041 3740 1292 3922 2079 1491 1502 1326 2102
12511
94 96
2693 4713 6869 4275 11073 10851 3882 5531 447 9606 5933 179 65 12249 5938 5219 12457 5755 2965 3788 8700 7163 1101 1786 4480 12 2301 4876 12262 8982 2799 5051 11208 2064 8925 3108 3026 8045 3281 4892 2278 10546 9969 5763 6075 7605 4533 9569 7974 3545 3800 10765 1500 2234 6807 7436 4151 2000 440 5431 1430 6488 8416 7490 2634 7046 2837 5956 684 3967 5436 944 9875 3091 1181 3003 8967 2652 5042 1029 3412 3434 4670 2212 185 484 10778 3220 2373 1964 11247 4202 6442 1830 5351
471 298 3732 2277 3235 4661 9733 8433 6430 12269 8077 3291 2205 304 4087 1530 5015 5782 8663 7024 5209 2007 7620 2302 7421 755 11016 9579 4975 6862 7917 6565 345 855 2020 6003 899 4085 10147 5276 12403 8155 1867 9615 630 7224 44 8588 6784 184 3018 9908 10549 8225 6017 9673 2924 10570 553 662 269 5318 6581 9223 11319 7640 4860 840 9133 9364 2435 4737 9074 8870 11666 12263 6315 3082 11332 10710 1478 3423 8617 438 2529 863 4 100 5741 10450 3545 7573 4107 698 1602 7188 2198
881
29 53
220 1 820 84 873 847 21 561 799 364 635 330 155 498 521 381 364 862 577 62 51 838 734 553 630 573 581 52 486 546
693 109 721 213 427 7 631 405 691 630 441 336 157 155 429 19 286 398 368 369 325 417 375 330 13 211 642 433 34 553 861 48 666 245 470 497 291 814 264 744 108 693 499 475 880 50 712 557 402 633 480 554 124 366
16741
38 45
6542 6055 7215 1152 11884 1391 9294 445 2575 1860 6616 1093 6874 15104 9569 8413 1624 4352 4818 15179 9174 9923 256 16170 15058 992 38 8837 414 8999 13101 1369 10174 12970 4510 6423 3961 3074 227
11191 3396 1893 2472 5331 11328 14863 2875 843 8336 8150 9841 10317 14563 16498 5856 9924 4692 13418 9052 3174 13530 16696 14746 11249 9539 4948 13360 16581 1974 5999 15400 13118 5628 15103 13438 499 1170 3333 13414 55 2700 8966 15673 2516 6813
14347
14 64
437 6141 7866 4418 13152 10028 6211 9624 6278 268 1435 3641 7490 10979 910
315 3144 14031 3161 9166 3813 3112 8183 11314 12600 10985 4492 12225 1672 11876 6021 751 4718 2739 545 11852 6375 10933 11154 1117 1115 3933 1903 11704 13009 10295 809 7579 10101 7686 11732 11153 3243 13500 12664 5961 639 4376 11055 4276 1124 1287 13502 4559 3328 4083 13669 11732 6162 13692 3109 10633 12847 6163 12500 87 12330 2694 9972 9128
8923
3 29
2587 3464 4518 5335
2879 8750 2612 6320 4754 5156 1170 7773 8269 275 1524 3743 6137 8851 2091 6350 3673 1075 1348 5398 114 1329 5456 3310 7857 6899 2467 6606 195 6990
17291
31 50
6484 14008 3382 7017 8890 570 8653 12572 7361 9588 15286 3636 9206 14262 10010 15259 3583 15295 9705 1786 14343 4828 6175 1955 5521 10059 12457 1499 2871 16762 3105 7938
28 14638 15392 15995 5315 15638 14603 17168 4544 3165 519 1986 7325 15612 11132 10308 5057 7192 13735 14385 10805 12591 2890 7630 6548 10879 3315 8293 10812 7960 12285 5993 14688 5909 12841 9147 11187 11852 1360 14477 14319 9507 6958 290 13278 5905 16307 16839 12176 4696 3336
27191
29 49
14987 15150 3057 4180 4885 16193 12515 5382 22880 11918 10927 4091 11519 8558 2845 15561 20621 4582 24903 25834 16531 14864 10140 4762 12715 905 21291 23877 14822 16745
26656 15351 10604 9028 14213 23572 22114 19386 10838 20553 24593 5893 15793 11202 11588 12239 5224 23965 10737 26183 16830 24735 2076 4925 12655 4902 2041 25289 20721 19295 2897 1017 24058 4482 3567 14093 5131 4451 11930 26803 1162 18512 5645 1241 1757 21066 1414 19834 10774 10889
19079
27 42
3962 12830 8808 2716 6561 1340 2182 15363 3113 5416 4175 3326 723 6536 11956 6934 3754 699 11771 3077 14359 13103 3697 2421 1688 2426 868 2911
1504 1773 12272 13348 572 11472 5077 656 8604 16110 5310 7753 9813 3925 8091 5731 2755 14167 6387 642 14645 5965 695 5408 12621 2748 6207 11435 1294 3400 13635 12587 11317 9248 645 7072 8653 8562 8206 4597 13687 5521 8415
11923
55 62
3599 2223 8825 2568 8606 8861 7606 7960 6466 1173 9922 5927 581 8345 1442 5322 11052 7042 5741 11155 6242 813 4664 6304 2997 11112 2310 6944 3102 2441 467 4610 1252 4053 1046 9082 3327 9916 3375 8514 4445 8826 1499 7031 8154 9276 2965 9769 962 5843 2529 5681 5015 5066 7229 5590
6887 743 4232 6969 10605 7676 6495 11588 3807 5433 11387 209 4741 5074 7053 11512 8801 6918 4895 2597 5388 6036 3271 2126 5592 7059 9938 3955 4785 8220 7489 7825 1792 8599 4160 749 7979 7738 3562 5577 1023 9502 2943 5480 9905 5353 8708 7330 2900 9 2618 8510 9344 3316 2559 4991 4103 4102 8322 7569 6124 4832 9044
27701
19 41
23894 1926 11550 17268 20580 13163 16318 16831 12612 715 27618 7626 454 857 19037 21805 2399 1108 20255 22826
19741 1160 9817 1849 2492 1597 173 4073 2365 27063 18394 16363 11453 484 8077 24424 17607 6024 409 7060 1931 3747 543 11909 21913 22806 5480 14661 3950 16727 17856 1062 16772 19817 5288 6485 27266 19980 47 381 2768 510
30103
38 60
7149 12098 26248 23961 4014 10694 10213 28677 6429 2312 15403 18428 27420 12850 2407 22561 23826 28766 5773 28791 434 446 791 8144 7829 9386 18351 18824 9015 22699 4156 17266 14080 9200 812 4115 3770 29492 23018
2319 12995 11620 16051 3552 17147 607 26513 2765 12768 5500 2308 27674 15096 4729 24858 20861 6256 13427 8778 5586 15362 24393 11102 2424 3868 25799 7365 10874 2215 29304 21676 2330 21411 4539 16068 107 9509 28185 20805 854 22875 21974 23347 14175 2052 10438 2016 1162 14760 10594 15282 23287 19068 25627 11814 23805 29831 8431 25877 5432
28933
30 53
28468 10214 20081 13474 20870 13729 7534 7264 25709 17865 7323 29 19337 19343 6203 7344 7633 17696 3216 1495 21554 3773 10654 5398 2936 25119 17457 149 7538 12512 22562
2670 21841 382 3792 16362 17234 20309 1286 16756 664 26363 28357 610 3180 7119 12480 74 5999 2768 24513 88 2411 1212 3959 1542 25395 9553 15737 22310 10912 14816 28040 512 542 11065 23316 3546 1620 12457 25602 5530 13779 11864 4269 16308 17270 3288 23851 10107 5287 12031 10193 23932 13576
9091
9 89
272 5946 6803 597 3692 7868 4919 3554 592 4288
6376 310 6486 1672 6996 3820 4337 5836 4 5144 1337 4928 4553 4774 4667 2299 2850 1185 8879 2396 844 7573 2726 3480 1620 7002 5632 4780 2112 4207 7574 1739 2883 568 1004 5934 5201 4865 1440 4581 3153 5008 506 4811 6957 67 2398 1796 1426 33 3836 1925 1523 3406 8844 546 3034 8691 6948 5819 1732 91 2924 8295 412 4104 1136 1153 4638 5085 3407 1454 5022 6105 8876 7118 8203 1850 6073 1725 1853 2068 1684 2975 5107 1082 1427 2187 4116 5885
12433
74 86
1152 7299 3217 10766 593 3641 3500 1011 5238 5068 12428 3278 10603 2542 4087 6098 9634 3329 5815 9061 9045 1865 3571 7882 11045 11501 1838 11066 3106 7830 11722 9339 6728 9138 1920 3980 577 6982 1974 7231 6454 4049 1399 3211 3118 6612 3831 5465 2661 4130 1672 1500 6523 2356 3248 6512 5249 2340 6787 3061 7871 4264 247 2398 9816 8659 7640 1974 8291 3532 5672 7090 7872 7123 4782
3025 68 3387 12066 11633 7314 507 3111 7123 6998 6444 1991 3229 8999 8314 1063 5370 5086 10799 6226 3175 4962 7758 5919 5429 8391 7892 8378 2567 11752 2106 1777 3216 5823 5967 11278 10741 4460 11685 2473 10739 9976 12426 5205 1395 11457 5755 7393 3203 11177 7844 2850 1982 1185 5694 428 3615 586 2050 8995 5142 900 2414 5536 1944 7035 10642 6037 5177 1872 3364 5700 6081 5147 2946 5291 3651 10564 4494 7846 6498 10101 9890 1200 11070 3852 5833
24007
54 65
1200 11898 3793 22425 23306 9675 15097 8010 19477 4239 6717 5902 18267 3406 5525 6276 4021 22598 10709 13900 17579 6323 4062 16006 3710 4942 13585 21535 20255 2125 6154 12699 23228 12616 23946 6144 8277 20923 12724 7537 13457 4171 18813 19894 13006 3299 6238 12125 3194 22881 3659 925 22179 14100 5156
13024 18893 11527 11004 6947 10701 18657 4382 5664 21817 8112 4791 10571 8643 8750 18473 5293 10510 1603 18251 10030 22464 3075 19225 6357 5394 4760 938 5294 1859 4595 8802 1641 6626 16383 6305 7648 7309 439 11610 23806 10901 4025 3136 4547 21286 4011 13503 453 21300 5501 19088 7868 1682 8247 3376 13436 17444 21493 14808 4893 17843 5423 18863 7035 8581
19469
88 99
2294 11826 4337 19136 2923 8713 3085 12478 5490 1214 2525 17692 11771 10285 8400 10999 14797 2394 13211 728 7054 11482 9900 4224 4303 11258 6471 7093 10211 4577 12916 798 976 9486 8154 16670 3349 12558 11639 16245 10033 4151 3836 12441 10391 4713 3528 11217 14003 6845 9539 11968 4025 11004 3782 12907 4589 3591 16639 14667 18351 12106 13779 9253 1297 13873 5241 16794 9866 17829 12890 13003 13627 4166 8887 10104 2983 11417 12992 11143 3307 18766 5048 5992 1024 13809 4312 1507 10432
5138 2280 10532 8856 12418 7714 5506 7068 17502 1570 2653 8568 811 14476 372 18301 17617 2427 17595 11686 4939 14002 5621 3493 2512 5185 1245 17399 2811 7325 4968 4979 7179 2943 12430 6478 10197 9283 5341 4767 1672 15365 7566 5991 8494 6601 3596 15884 11675 1885 6038 12583 5849 64 18075 13761 2398 13391 6984 806 5033 3561 12234 15340 17348 5848 10404 11299 9132 15613 19397 17699 2969 10600 16726 15814 9954 13310 9045 8433 702 2252 10034 2202 954 11826 290 9812 1208 244 9975 10518 14692 12396 931 12350 12594 8546 18077 9162
14779
64 82
9768 14097 1152 12920 3069 10768 1275 1240 9787 6007 14237 10343 3285 2103 13873 6035 12664 2041 6638 9842 10369 6058 8068 6341 7893 8479 9543 4234 5202 9247 10058 93 11703 1103 11902 4058 11152 854 13200 3040 4817 7856 2889 1418 2716 9626 12891 4507 1510 8281 1130 3795 1363 3923 14038 1483 5853 3176 6379 13776 9093 10797 4106 12059 13131
4479 6118 13876 658 9461 1561 2686 622 10929 2897 3951 2805 2647 8813 6839 9846 8089 10463 13469 264 8883 13614 10983 277 4888 1294 12830 6462 677 957 9472 14337 13553 9224 10942 2115 11640 8263 5365 9761 10819 6118 1071 1293 10912 14410 898 12848 11510 14630 2350 4625 1761 5047 742 9772 5182 9796 984 14437 1229 7305 6783 91 3185 12960 14720 3240 13913 5886 3228 2919 9843 5434 13967 1927 10174 12313 4582 1659 5759 1070 9902
14461
58 89
14395 1699 187 6106 11455 9164 13914 2383 8935 2043 3654 1032 4385 13275 9897 8425 148 9997 5271 3426 2092 6526 4220 8744 2351 3766 7726 9176 13831 5166 242 2607 4173 10023 2545 601 3049 7814 14014 8298 3897 11266 5111 611 8274 314 4776 1797 6520 8647 8786 1895 1881 2232 8076 12773 823 2130 5977
1278 1784 5756 1238 72 8930 752 14119 4620 2086 1463 5129 12829 6036 3275 1727 12470 13886 13097 5052 8605 3233 8947 9336 379 7970 8151 9631 2388 4352 14044 2802 2417 424 5449 12656 10610 7292 12509 10151 13860 1668 8382 1406 13574 7670 690 9064 5814 13806 2068 11441 13666 8335 632 5452 3778 10004 5702 4359 10891 7066 698 13905 7393 11415 6526 3081 5587 13351 598 5697 13505 2440 2060 11493 4311 3815 12194 9263 4868 12006 13653 7625 7666 13653 6725 2711 14172 9016
3257
36 81
1482 2779 1758 131 2688 1226 35 2227 1029 2735 1312 1780 212 2136 994 547 219 1657 3226 1383 247 896 1288 1837 2435 956 3135 1383 2288 2655 2777 389 3 2492 2189 3209 1315
732 3130 1445 915 1444 3170 1971 2808 2864 2766 1447 825 2529 3196 241 3069 2598 1195 2983 3149 1920 693 769 165 66 794 369 639 1483 337 2006 963 1055 2360 320 424 1559 1372 2470 1632 2931 1392 1903 3008 1778 1174 1001 2837 2648 2683 1616 472 1238 1725 2806 907 841 1310 2656 1560 608 1234 2446 3033 944 976 2132 570 1316 2884 3199 1849 2338 1806 34 73 2817 1224 2720 11 549 2812
7559
26 32
3876 1070 3760 1540 5689 2383 6408 4132 1341 698 1090 6087 1846 6578 214 2651 592 2816 6575 7470 2990 1998 781 2190 5152 2154 301
1537 4529 5927 3749 1666 5046 2645 5549 7044 1318 6098 545 4261 5582 1711 7518 2595 3330 4371 3522 2249 2270 87 6952 7308 2570 229 4781 5011 2637 4395 2364 650
26501
22 42
3139 16160 7060 20402 2072 3349 11842 19010 2014 10657 17983 3616 3939 10029 4834 20519 3549 5121 23780 25836 2665 13318 401
3156 16887 2000 3016 20651 5185 17627 21925 15728 2624 8981 12264 17433 16573 9117 9029 21347 5750 13515 3777 8960 8318 22384 13574 8949 23367 10591 8606 4796 12649 4519 2272 22719 4192 18227 20296 8269 25763 22492 18991 10542 23677 15135
28123
33 51
5499 24053 8785 1167 2041 10298 21460 18514 1511 14639 25522 15818 175 3461 8976 4411 2776 3578 1600 3063 15329 18837 26178 14986 2999 1874 3504 3188 26858 24102 2091 16734 2947 19062
22106 13797 19340 1544 27753 26088 26919 1383 7968 9532 3876 19361 24942 20641 4133 3437 2738 2805 8784 21176 2479 23208 8575 3474 5121 15216 1248 22917 14376 2659 3825 17701 2099 24944 3338 23017 16421 13128 6473 22073 2815 16541 8167 19912 15445 13776 12523 9252 2893 2050 23876 5517
28319
41 82
10876 655 14330 920 11943 2902 4113 3418 8085 12238 15061 1718 18186 21120 25037 17547 14668 22344 20231 24416 16773 13241 23715 18183 28009 19143 3826 3898 3449 12318 17306 23598 13382 13752 1701 3623 26009 2319 4403 1640 6482 23119
1936 3276 13872 11887 1344 14010 7057 354 2116 25463 2364 21224 6788 5399 24090 4619 23995 18135 24299 13479 20732 3695 10392 15850 150 4448 997 3102 27797 3893 14282 25057 14476 13417 1313 14909 2194 27206 24067 3287 12171 19119 3695 7361 4777 1437 1291 17909 26162 15056 27884 5861 10115 7102 6074 2637 2486 27088 3473 11977 16191 9421 16451 5805 12668 3831 8100 21139 10735 24853 6887 19152 709 12144 8677 16107 23577 1251 15711 22702 24701 11915 3399
11863
72 86
3681 476 254 468 94 7117 6939 1859 5740 1481 6104 2958 6147 263 7968 5780 4045 647 6620 2139 7319 2349 11838 2692 287 8725 9672 8918 8058 7743 8406 843 10365 763 2647 3674 2261 9816 5867 6104 2059 8176 2321 5327 16 6071 7550 6363 1218 5257 4300 2098 1365 7334 11400 10265 4859 2636 2091 1647 6939 8109 1186 1386 3468 9254 10269 6193 3306 2297 1632 6070 3410
7432 10943 8704 11749 8617 6057 1545 340 9462 3782 11226 3828 2430 7507 2144 7593 9286 4716 8353 9198 6432 2368 3836 10636 10515 5856 11510 3781 5780 3722 5209 3645 7189 7274 10089 2043 103 7939 4826 8666 2515 7094 4500 9277 7050 7185 6097 7380 9664 4223 2049 621 6092 6599 2499 4047 4124 2268 7328 6961 1701 8237 1929 1057 6692 10841 11602 8320 4132 7079 6003 5106 3362 5157 9472 2569 8708 8051 214 10358 5990 8942 11141 5308 59 10397 6968
16217
51 95
12062 183 784 5976 1458 3413 12430 13848 4266 9876 15806 2634 1691 4604 15437 12210 14182 4047 14452 10302 9107 2785 10561 9297 12661 3339 11164 7804 880 6686 14764 1835 8636 14365 13577 14537 3402 15734 12472 8002 106 14612 7952 4098 2837 4667 15953 482 11790 5304 13741 4062
8910 12218 14433 6792 5311 1154 9344 1573 8757 2843 10903 2208 4800 12011 13424 1341 5144 11915 12190 2737 387 7028 2296 6622 11273 97 8420 12886 575 2805 14321 2649 15098 5724 5057 14300 8798 3988 11622 11353 15104 8709 8213 3483 1226 15176 8217 885 9356 9021 683 3507 11156 9268 5797 14072 6709 11974 2318 13291 490 11427 14524 4380 8498 1046 2930 10284 15514 9421 14895 5324 10047 14109 14638 6571 4377 14674 2280 8398 6777 9256 14300 9764 11483 11901 5290 7263 6241 14087 4056 6882 3168 13803 9110 65
24611
6 76
23866 7016 18252 11145 13702 2044 16535
160 21931 704 5022 300 7185 5284 22294 13165 6835 6363 1099 2120 9494 17678 4044 17700 8554 8343 12296 16382 1419 658 5626 8633 24584 9764 8106 8886 4389 19406 996 5506 7110 6884 24058 21659 3417 14144 15534 1089 1164 24375 6226 503 6117 9676 5131 20214 8769 7460 12066 3687 6474 1338 18317 10849 4079 21204 5741 12792 19143 8886 17863 1546 2461 3314 1609 10504 2603 3406 18478 708 10278 4533 6975 21014
3433
17 88
1683 2980 33 1376 3426 1595 566 1268 3363 339 1178 148 1464 2461 1228 1527 1296 1889
808 1282 2002 1417 1637 557 2217 359 315 1183 2126 2457 27 1397 3133 1008 745 2546 3179 1667 3109 2462 1246 264 1852 3369 965 395 1219 1857 951 2525 2631 2239 2365 48 2648 1446 421 768 1426 221 1561 2240 2942 941 868 1211 1834 908 1724 233 1525 2980 76 2761 1650 1780 996 2871 1345 1071 1422 531 2912 267 1460 1142 3106 2207 2811 944 606 2344 3312 1869 2494 2096 2031 1293 910 3399 3299 3381 1649 680 1054 252 3429
17093
8 98
10888 543 693 5513 1632 14309 3881 13359 11884
7338 6754 63 12873 2025 16365 228 12040 640 4256 9753 7319 1835 14731 3436 13964 13448 5332 1025 8655 16891 3284 11422 1261 10279 10140 7449 7826 11667 7513 186 11089 7033 16160 10598 2746 13546 15661 11708 7118 13384 7417 16576 13663 15589 9843 3549 213 1240 9002 3535 5667 3676 11274 11010 12206 2076 13266 9231 10550 2799 1351 4921 13842 954 9772 8355 1969 4167 2083 2126 12139 13537 7985 14033 16920 13937 12539 14095 3689 11143 2781 10296 16322 1351 16257 8932 10352 199 8172 1986 1844 1267 14185 4914 13650 1097 1073 8113
8807
28 44
6217 5110 1372 2489 8156 6221 3475 4812 5915 7422 6000 3178 57 5524 4811 535 4618 1999 4565 1344 2932 3278 5342 2743 2181 1795 3382 7124 4307
4990 3631 2251 68 1826 3407 696 2336 7396 4458 2779 2610 3461 4951 4284 5435 256 5110 3670 1664 1039 3008 5493 2589 3719 7916 6568 8601 4117 6118 8628 51 3561 3469 7364 3113 3791 8541 7795 5802 5970 4036 5121 7594 290
22277
38 83
10131 16467 18717 7949 20484 691 2056 8252 3778 9623 17455 3516 17096 10620 7165 12282 13603 5990 4750 1684 405 5742 4776 7952 4906 10149 19214 7378 3410 3153 299 361 12503 20000 11496 11804 19854 21244 6545
17045 6117 979 9576 10237 15098 3801 17172 332 13979 1208 22126 914 6637 4457 10413 5902 18691 12026 7616 7129 17631 8888 15797 2432 10397 2217 8636 17485 1774 9470 10791 2323 15304 9512 21694 6984 1628 6113 18006 20300 10308 3494 4774 7353 16143 16965 13911 6518 18630 11452 8277 3952 3344 8824 8062 778 6476 6578 17730 10410 18188 3846 5863 17479 10436 2639 1221 1185 4561 7659 8177 20610 2963 2818 15844 4878 19939 12874 15038 4311 20192 4276 10372
18257
78 96
17592 9401 9145 1508 1533 941 15640 12415 6042 772 10545 8962 15365 15139 3143 8004 748 11989 6383 17590 9376 14002 7675 14032 864 3406 1048 11455 13932 2289 4514 4468 12450 12392 12595 8404 9899 4410 12850 13830 6315 1246 11727 11405 15636 14571 528 6785 13851 11615 155 4244 12369 5779 13382 3685 13498 14047 8798 2813 2862 12700 1574 16403 1052 4599 2704 11245 3506 9820 14690 7457 1358 4417 7279 873 12398 2497 3504
16606 4976 8188 6893 13599 2607 5071 16715 10657 13337 17663 2524 17970 4241 4344 6227 11715 8878 16078 10312 12772 105 4872 11004 2457 15884 9877 14111 4590 8475 638 10332 14815 6258 11798 4525 3501 8945 2312 10079 3663 855 6514 6140 868 1099 3550 2913 2208 9184 435 7715 5986 10633 15979 4251 3398 4122 10051 8370 7269 3620 10440 13167 18175 8375 3360 14486 2104 13634 12139 13001 12357 4347 2210 10292 16779 9909 5607 6474 5855 3050 6158 6970 6914 17677 16504 16517 3233 6645 4704 9713 5414 9023 6520 16767 9831
22013
91 95
57 18763 7845 10747 12358 9021 19635 21368 267 7276 9475 1074 562 4683 15766 297 7527 16248 12758 1086 1792 2949 8572 11599 11276 8907 9387 13308 9621 10428 17761 13146 15142 5711 13850 4631 6284 21677 2471 8897 7896 2599 15453 3180 16553 2931 1656 4981 434 6925 8637 10407 15731 21255 8280 123 3912 20195 9483 6332 3484 4566 7831 5204 10893 3889 3651 14170 8080 1313 13789 10623 2687 2972 6363 3704 14818 14226 4270 774 4219 9840 6772 7122 21482 14783 21976 6903 2267 7973 13622 20325
8238 17048 8963 10463 6006 9426 9315 6643 2780 1017 2334 2652 20483 8361 2760 2948 1637 16660 8964 7034 3777 14473 13644 483 10736 5394 14281 14687 1750 14712 1395 4384 20933 370 6508 15018 16609 16410 1988 6 10745 670 3890 6141 6007 5435 20066 19124 7358 14432 12345 10371 12693 19520 8588 5893 11012 18536 4594 6247 17215 4547 1542 13071 18167 20681 6820 6493 21982 16887 1965 7612 109 5247 10209 10001 217 1334 12283 305 10606 15324 9505 20933 9216 125 9333 13145 7355 6953 11801 20658 5661 16366 3893 19042
7103
39 97
4669 627 4808 5275 3172 3520 5748 891 6572 1792 6184 4950 17 3281 319 3656 3369 5114 4324 3602 2108 126 3857 6921 5132 5417 4042 2373 2289 1022 2561 6256 3819 4625 1561 6404 3509 4349 460 783
93 6250 2861 5046 3917 6807 5325 2184 6261 1945 5572 6938 3015 5604 591 6919 7070 325 6284 5498 4799 493 6132 2910 1980 7031 2759 4096 3 2540 7048 6764 4152 4922 5545 2334 819 3342 1795 2331 5243 6728 1409 2142 173 703 1003 1263 4342 5839 5439 2718 1103 1234 1792 1226 5024 3246 3591 6102 2118 147 6235 3987 3889 5248 6544 141 4278 6722 3391 846 165 4045 442 2271 6352 3415 1931 3276 3900 590 1171 2098 4745 2426 6154 4919 2425 4158 888 3987 6233 7040 1123 2322 2407 5633
29947
50 92
24490 507 9624 1922 317 15531 446 14512 21264 4414 3577 5220 25593 686 7273 21271 13084 6096 26782 4579 14776 13111 8178 2443 19224 8791 17435 14011 11202 10214 7168 22417 10482 1416 9932 25179 17478 18602 17729 22947 18363 24238 3408 8553 21976 13385 1771 14767 18985 25642 1039
572 2292 14557 25122 27544 17686 1518 3740 14686 14183 7249 687 14771 6655 24065 17527 5650 2053 13544 1865 8523 24966 28927 8518 18123 1762 20918 2613 2595 26097 16022 2685 28082 22021 29477 13738 3038 11688 8714 8914 1314 29925 21361 6271 10417 5563 689 14528 5164 27597 16172 11900 1718 1886 21623 17669 13076 27246 15804 7664 23660 1631 26716 1066 24530 16226 2520 17202 4197 12983 3313 24037 8850 27301 23054 22297 22418 8972 2532 464 563 16404 1093 9602 18652 6173 10592 14261 18635 6645 12066 21454 2473
14177
1 79
5842 782
4337 1219 13821 13691 784 10861 590 3391 4489 9123 9587 8535 9216 3515 7801 12152 12465 8305 1735 6836 4884 12971 2602 12178 3998 2943 8792 3878 3139 4415 2509 3206 11486 4584 1309 2737 3795 10114 4293 4948 12434 2633 4320 1556 3232 8997 4067 4482 8497 1922 2531 2834 3030 2523 9746 9524 895 6742 2162 7289 12606 6103 3788 536 13986 1072 11736 5526 7466 3030 96 7293 11458 6330 13804 3096 2086 9623 12406 1785
8053
32 62
3877 2494 6256 6157 849 1930 1851 909 3989 215 2818 6177 3128 124 6592 7409 1205 2499 8001 256 5875 7244 3466 5136 3224 5988 4036 2210 6433 7095 1385 2799 2814
4015 3847 5066 5015 5628 1621 304 753 7156 7133 3693 4843 6067 3834 7877 4295 2932 4141 5142 7793 1463 6756 4298 5252 1206 3249 7265 4948 501 1308 6158 5802 2620 4887 5026 4035 2971 7520 2625 7558 2775 2884 7304 4574 7942 1699 7620 4735 1062 7948 2522 7118 1315 7635 2778 6138 6648 7225 301 1598 1069 3638 5870
21407
20 22
15776 2054 5460 7486 8504 4085 10836 4576 2962 16677 12089 4711 8850 16618 4255 20539 10506 11316 3616 10639 18781
12950 61 4542 5861 578 14080 15952 11124 16316 251 20326 18528 8368 15926 3604 8475 11803 10695 457 4449 7698 3588 4345
17609
28 63
8839 462 13061 5097 11919 5592 11454 12095 12292 4455 3203 8668 1704 6673 13444 5149 15490 5841 11261 2744 3550 7796 2919 9938 6049 6493 9726 14703 12724
4248 5267 787 7382 8965 3460 12439 3541 11566 2371 10068 6381 7898 7554 14735 349 11079 9518 12927 14118 13388 9531 4679 8058 726 1602 7813 11527 665 5311 8112 10167 14318 8478 15056 10946 1830 10646 75 16052 1566 1430 1745 9988 3091 8959 1707 11905 12015 14331 4409 10901 17286 14004 7139 595 12372 632 14163 5139 11815 3386 536 9185
8521
49 88
3154 7422 1765 2500 5158 7272 6050 328 5540 5864 8158 5172 3253 1916 6749 3250 4592 6338 1098 7585 7490 3469 1994 3121 1110 6390 7022 2827 6807 920 769 5848 1348 3803 3377 3382 2904 6749 5267 1798 7894 6159 7845 773 236 5663 2279 6118 5528 582
4589 5297 7353 3044 2556 4850 965 2309 2386 4720 6892 863 2987 185 3738 8397 526 2360 1819 6512 6649 1487 6660 5980 3311 4277 2138 3126 3701 3988 5726 2950 5992 2644 5893 4641 8088 1791 8371 1200 6309 5209 4594 3481 3390 4272 3932 80 7765 7191 1234 1036 5456 2817 8282 5342 2709 1423 5549 1579 3281 5950 1830 5453 150 1674 576 2440 5587 1170 2017 1135 7198 5285 3818 3939 1740 8037 985 5598 6114 4382 5271 4504 97 3030 4980 378 6845
1249
11 58
445 1176 532 53 253 770 999 874 971 464 123 173
1202 128 1123 1034 1101 136 881 64 805 796 806 1068 1163 171 356 1081 471 290 352 279 846 87 334 726 75 1172 336 948 152 287 1242 361 674 49 1184 1094 466 386 940 146 892 577 4 950 765 668 913 804 876 590 263 174 488 1108 178 600 1003 145 230
10111
34 66
7635 7932 160 1340 7810 4825 509 2828 555 7625 2749 10092 9579 1977 3486 509 5601 6427 4697 1372 3014 10022 8032 8200 1967 6228 8911 3455 1461 2993 2081 37 1989 461 1057
7008 9641 1945 2208 5005 1255 7886 4712 4630 4814 9168 6267 9178 7505 5911 3954 2387 9496 8195 4801 6131 4173 92 9507 6871 7609 2444 2904 8857 2459 8890 2061 9724 2355 764 1814 9687 5392 9558 6621 5546 9275 3603 1445 405 120 9909 1134 7269 5852 1612 2345 5898 8616 4832 6708 9530 8410 5586 6674 1607 9339 5323 6863 1750 2750 264
19531
32 89
365 8280 8244 1542 5485 4474 9210 2097 14678 14779 13698 5553 11464 10861 3568 10855 14064 1725 9611 4914 433 11403 2363 11269 13234 4910 9930 921 4238 10818 12715 14527 7520
7685 18596 12600 4324 14723 4079 9693 6056 10845 5170 11816 8588 2625 2502 13607 8002 7694 12478 14373 4403 3318 7466 10924 11796 8513 3070 2477 17190 10525 3619 12209 10841 10564 7176 3205 6744 953 4943 1519 18561 6250 11415 8521 11475 2434 257 3984 14329 6004 15347 7686 7573 1687 6868 7522 1239 1693 14092 13770 16729 8068 11683 6486 6237 18531 17713 14197 17551 2938 12218 3405 3071 958 7962 3495 9829 9656 18856 15467 18267 16406 13160 8222 19209 7084 12685 18264 9975 6356 6301
1019
13 24
129 178 475 756 65 601 708 327 221 990 335 263 53 848
563 1001 787 68 707 645 8 268 524 153 978 299 999 785 824 377 97 825 141 720 200 620 384 21 443
18253
57 84
4675 164 8340 248 4141 1042 9814 9166 9703 13049 3213 1961 6907 1493 84 10328 3499 6196 3086 12129 6004 1978 9007 6822 10405 12645 2995 14538 11877 656 7961 4437 12692 16951 14152 13643 12140 13950 3714 5632 1555 2543 3226 14390 2626 774 17252 6636 3613 877 1980 535 8461 11320 8642 960 1108 1399
3729 6456 6750 50 10078 10424 17622 15929 9022 5784 3118 7530 11653 9327 14132 4298 9480 16706 9878 14388 10891 7214 11513 5413 9337 5830 14206 8174 12935 6971 13477 5115 17897 2108 8479 15956 4476 11986 2019 2864 12867 4724 17232 1017 12717 6957 62 604 6976 7344 15828 2381 409 6015 9550 12107 1685 12495 12885 13976 13055 15990 1804 9008 3060 16287 9911 1279 9561 13113 6091 11353 9409 9435 659 18047 17198 5303 9868 1583 10053 2938 11964 8818 3215
22777
7 41
5649 8974 17841 19075 83 19752 4129 3370
5677 922 10703 7465 7181 10926 6380 5388 3577 19566 16480 7889 22141 12162 8267 16633 20638 11349 9075 6373 14828 1146 2115 17458 2836 12086 9668 10645 6002 4769 2551 15323 3144 22412 21603 17709 21907 6408 4609 7833 17888 12008
26293
24 31
12571 17872 4835 2766 3535 13141 10927 18254 4968 21918 5832 21550 11488 3764 10527 5753 25513 2462 4563 10826 12212 8697 14031 7113 3867
427 13597 11948 9799 18317 1524 16126 11695 2506 5348 7967 264 12094 988 5901 13068 1099 2129 556 3290 1672 9307 6120 6074 8364 25897 9508 5075 16717 17244 4565 11171
28403
17 25
754 13513 209 3921 3764 3011 2233 13065 19113 17745 1468 7360 1408 24089 15021 21765 3126 20653
3869 4740 26004 18490 712 4623 26361 24888 2181 5615 1625 17241 19600 133 3462 6074 8696 18145 4782 12124 2556 5458 23077 28120 2086 1342
1381
32 54
458 711 826 209 286 1148 1009 210 1006 1257 5 136 1323 889 788 649 1079 364 504 600 515 1355 592 589 983 1347 8 1206 871 497 1215 514 1237
625 295 648 98 62 245 432 1100 715 503 103 416 268 496 449 24 526 139 93 364 528 1191 846 912 1236 912 138 1128 1314 904 794 726 377 858 58 5 261 1328 730 693 1368 725 1149 1037 222 1084 96 890 1346 396 116 853 379 1274 131
25741
12 18
7860 21149 328 7747 25062 18091 369 18705 7909 6571 2119 16 18508
8098 3376 14779 9383 25004 753 24849 24599 14660 945 22651 23577 12480 9210 1966 12702 19739 9578 5008
9463
15 22
8613 311 6702 7138 2819 1289 8186 8970 5027 211 4126 2014 9183 1748 209 7992
7385 7559 9331 8457 3397 4785 8012 6355 1743 7065 60 1283 3783 2221 786 2639 61 2249 9064 611 1533 7386 7072
21893
10 33
16243 15624 10200 7446 14319 3907 3644 7479 14563 3112 3755
781 6837 19511 2816 3539 13668 8825 5182 11217 5798 6379 900 624 20660 12097 8891 6073 3836 5101 4641 19070 16214 10102 9288 1680 10530 10830 3150 5008 6028 5313 5088 15700 6876
11119
3 63
9318 7690 9999 6499
5004 2059 7196 4155 5062 1754 8990 9235 8597 3180 1759 5389 1071 2504 9385 195 4118 3660 255 1654 4386 650 1191 10506 4139 10087 7999 3605 6190 8715 7910 644 10278 5154 6017 8762 2587 6354 10614 4563 2063 3892 1781 6088 5968 4490 10086 6433 690 3402 7410 7496 7267 2945 33 8730 544 3393 9645 7974 10171 7175 7007 4935
6271
53 64
3036 1619 4040 3386 2434 327 1749 4207 1421 3040 1180 6106 3816 3760 2120 2731 5021 3940 2674 8 592 3166 1814 4800 6007 1420 2151 3841 2505 5651 2814 4968 4472 1606 1036 3733 660 5286 3974 134 4695 1381 3830 4346 1028 2810 5246 2754 4534 1546 710 2389 3749 6157
2040 4593 4118 2218 1559 839 5784 490 5301 2199 613 4749 3090 3803 1576 4278 3036 370 2279 1364 5983 4129 960 1582 5955 2546 2895 1258 6188 2450 2420 4113 1801 5686 564 4756 4268 3606 378 1612 4365 5917 1796 2800 653 3600 4264 6215 4860 3637 1955 5228 4871 5344 3840 1934 4666 568 5842 5185 1373 1089 1314 825 774
1423
49 95
880 868 1173 937 344 561 153 682 105 1261 950 633 963 704 1037 27 568 628 438 1314 992 1362 625 1309 369 709 551 1255 47 1421 245 1295 664 430 709 1191 314 957 953 1255 775 238 1124 237 206 970 279 471 1083 779
1138 369 606 755 1078 114 781 1419 1269 658 983 330 785 753 272 1047 1329 1363 1370 78 1338 195 1308 707 584 742 633 135 1012 606 612 1354 1210 110 950 1033 957 199 1256 77 999 222 152 1200 1144 164 1280 459 815 568 167 376 714 45 528 116 1024 788 325 804 694 251 657 398 229 1160 1105 259 1269 1236 1199 815 1153 907 98 285 1109 1399 728 1391 645 983 1020 1407 147 300 1421 704 880 732 674 1296 1363 290 990 995
2963
39 79
2814 2828 2074 1249 587 208 27 2253 1697 959 1194 1958 1165 2058 223 1849 978 6 736 2085 1879 1267 2060 2564 290 2821 660 1645 1422 1720 2001 580 1410 2770 1587 2425 2835 1317 1664 912
102 1246 1054 1775 2866 1590 913 1215 2610 0 148 2521 1798 1737 2694 1479 74 175 2383 1867 1350 1452 2636 2479 713 43 807 1132 2653 176 1905 2568 400 1885 1105 2681 2756 2372 2386 1009 906 132 1042 1527 797 744 711 697 2086 2024 1539 1607 2520 2074 2960 1376 1476 1281 403 1292 2400 334 1440 1671 1989 2770 1490 69 2274 1825 1926 141 179 1405 2857 2704 1311 1255 971 2715
30029
7 60
28561 6887 25681 1217 20629 15394 18708 15714
12610 15544 6328 11900 16665 23033 663 5231 3092 27848 9594 5610 13367 3302 8390 8526 26984 1062 2735 14682 4994 27313 2785 29959 25253 12556 28104 14000 14800 17751 6336 24182 10161 11865 7948 1686 25019 24456 10963 17102 45 29972 22809 18302 9251 28967 4590 17938 7280 24172 12517 978 1706 1665 4552 17308 5895 21890 21898 12795 6712
7699
57 69
7152 3638 6464 198 7447 487 655 3013 6078 92 4099 5655 3454 5124 6153 5069 1340 2641 5998 3268 6899 1088 2996 5207 5214 4674 5268 5629 2099 6909 3796 5941 5170 6652 1607 1773 6867 391 1961 1823 5999 3602 6793 884 5155 1833 1347 4565 6748 2396 3949 1932 2841 4412 7570 1790 4664 3818
1512 1344 6858 63 5852 1800 5390 6899 4613 1824 6649 6876 2961 6432 6270 4930 275 1172 3742 2700 1798 6372 1124 5858 350 7322 7120 1201 5145 2295 766 7282 340 6344 1700 1738 2388 6583 1740 177 5672 3228 2026 5722 2583 1584 6955 6159 289 3812 1908 7641 544 6983 4776 4334 2439 5725 7290 2247 6461 247 5738 35 2960 343 5722 1137 1027 1675
8447
12 81
97 3487 4640 1897 7391 4742 6806 4547 6367 4494 3736 1451 6025
8368 341 1146 3179 5983 7007 4906 6169 4428 2014 7727 8140 5153 3010 6518 2128 2252 6514 6055 4416 447 402 4773 1660 5294 2327 1623 7640 2154 1953 1713 791 4613 6926 3568 6422 3638 4937 6424 6977 6650 7014 3533 1616 2176 6634 7745 3898 2119 5993 3974 4690 4737 96 6922 5091 1976 5167 3165 2753 5308 1682 1857 4943 2998 7693 7383 939 7315 6373 3636 36 5295 4636 1822 2043 694 5581 7704 2359 4283 6333
21683
6 61
388 12138 2187 16745 12984 4354 3508
1638 6911 6800 724 9000 5632 6944 453 9320 10568 15658 8057 15644 9850 3576 9246 6998 16070 3481 436 6653 7068 18370 19042 7948 4204 9457 12037 130 6106 19541 9610 17263 1256 4925 7598 8291 11046 5676 10076 3011 1243 10115 21302 2955 3309 13203 370 19414 9301 14532 4839 10908 5917 2680 12391 2618 4388 3579 7248 361 8225
26729
60 79
6066 12368 24280 14477 20534 23762 13924 5253 4824 26465 5864 2214 6931 23435 26312 1686 11336 3792 915 19110 22023 24582 5080 16481 530 1532 11067 17579 19335 12638 3166 24368 1973 1496 22406 9384 17264 11902 18767 3674 17012 4460 17376 629 9602 26281 4141 19496 12376 13906 23543 5826 11232 500 19871 5721 14504 7481 2621 15227 9619
4448 25069 26271 7885 508 5737 25702 18691 8543 1908 5815 7380 1475 5110 18834 5764 5606 21308 1783 3568 9595 24739 21572 19143 2193 10076 3655 10486 2640 13041 2827 24932 11547 23953 21711 19168 13373 14505 16462 10072 573 25524 16970 20811 18667 17747 2633 23936 3034 23200 22283 1273 15508 4287 9652 698 9186 23735 20079 5199 25224 1408 948 8293 1825 21598 969 7639 19881 8045 13544 2261 2423 25212 16095 19136 239 23070 5981 19937
12149
40 94
1672 11607 8115 6320 8117 9746 10633 2324 6051 1924 4639 7718 1404 4339 5075 7417 1574 11742 8307 6170 2434 6272 3810 7947 1870 5656 7225 5136 6209 5238 4736 1497 9470 11632 11469 5333 3454 7652 8608 8597 4852
6950 8387 1182 7539 4898 11999 5121 9364 2945 5367 3417 2816 2721 119 3455 10697 4710 9153 7618 357 6473 6145 1562 1218 915 242 7728 4066 1640 672 6804 4034 5696 1748 8113 6848 1775 4149 5342 7616 5530 137 7714 3578 8126 2573 1517 11092 1170 6459 6694 2829 3907 356 3908 10866 7295 2205 3916 10471 4594 2394 1121 6617 2106 11309 4425 10571 6997 9588 10884 8262 10285 10385 10399 998 1726 1741 11753 4117 3717 4129 2946 10488 1888 10495 396 8821 1456 9294 879 5120 9246 2530 5503
12821
66 85
1405 11511 4562 3268 1669 10006 10914 3828 5344 8191 11205 12340 2662 4082 6173 4462 2664 9357 10382 2153 9604 6688 10465 2892 95 3146 12788 2464 4092 1490 12548 1298 11664 6866 4835 6016 938 492 745 10116 2955 12042 6634 2587 7303 1483 3733 2571 8952 2679 146 9302 120 125 11510 828 12402 6800 12468 3178 5949 5442 2989 5951 5736 7490 6584
5223 3971 295 4805 1063 5841 8344 7007 1211 9767 12053 11710 6318 3088 1125 5901 2660 2164 5761 7978 4771 1377 6641 7118 5693 3814 8593 5691 12671 10993 2170 7472 10339 3405 2657 7371 7823 9926 4697 9101 7560 10243 9217 5461 6642 9023 7966 1784 9563 1761 3913 144 713 2983 5536 6314 3723 1950 12038 1321 10693 12369 4396 871 1049 2865 2042 502 3994 2899 2070 9648 1160 9943 3223 6592 8161 5444 1322 4649 493 4475 4595 10319 6838 6490
23929
42 75
7359 8106 9697 5765 17904 21024 17132 16996 22678 7209 18244 7042 19762 10478 3910 10117 5409 8373 23145 19182 18353 12520 14194 7614 4075 16178 231 17949 11440 5830 8268 7413 14088 2017 7420 23003 8886 2419 4228 8203 11536 5604 8701
7056 11789 11921 8767 1698 8743 8825 11107 1845 4555 2427 18682 8223 4191 22584 6639 4059 5173 1449 16555 4309 16095 7867 17614 37 2529 2010 4375 11736 10331 6129 6664 10953 17463 8841 7411 552 17657 5610 8340 3482 1495 4189 17728 10242 6891 11790 14524 6122 4373 2207 17672 19329 12901 8766 3417 6705 20632 4193 3369 20625 15391 19153 4316 2545 1496 16990 2387 3578 18391 5528 5228 4441 23293 16407 23723
30509
32 59
30314 17076 4100 4093 7430 16639 24070 28045 18134 12367 11543 2153 4159 24006 28384 9716 1041 7865 20850 3134 9122 1040 13602 6215 889 23792 13463 8683 23496 19608 29473 22536 5504
94 9548 30410 11947 3050 1974 13100 2030 10538 14365 2190 9772 27367 9404 3741 15496 6927 1496 13523 4751 20293 5526 4795 6834 30086 738 9689 19706 5132 5542 10198 6647 16498 12698 24265 2554 4634 14039 17078 23684 5068 26898 7252 15357 370 22548 276 22953 6173 1065 20574 1497 30114 11215 5662 6238 22277 28682 30335 15684
32089
34 52
17759 6795 24107 30997 10600 15847 22000 31606 14200 23908 349 16047 15206 22028 16300 21064 30576 20148 7072 2017 10367 15153 30567 12303 8109 8137 8064 6502 5380 10472 20724 1495 6024 27412 18817
2622 15992 24355 8950 3122 633 28332 136 21031 20501 9403 16232 22964 28490 22217 26229 26668 1861 23019 15382 2421 464 6217 25379 28950 10282 6866 2849 29074 10135 23342 19046 156 16919 29172 25470 27052 27699 29982 31182 23193 17428 6842 31095 8551 22670 29666 13949 27675 24926 21485 1833 1773
19387
8 31
445 7535 14624 5458 4947 3108 13892 9202 11404
8121 10431 13129 11213 15782 14190 6045 14512 1606 3101 6286 7198 19254 13122 10068 1031 11190 9196 4490 15376 7645 1014 2537 13152 14289 12485 12084 3936 836 12959 7082 5312
28517
3 96
21531 9887 16554 28340
7502 8149 1002 4239 3105 4187 19597 1248 870 12696 2290 16132 667 2170 17323 23144 412 314 26418 2545 7925 24934 27095 25639 536 28446 1688 20488 27681 1848 25222 17824 3324 1529 3980 23284 12050 17190 3053 17544 26340 19524 9082 455 3394 16663 1656 10405 27745 24274 22854 5251 17197 13692 17753 3310 4832 3899 17109 13308 27348 23761 25341 7424 9877 19303 7917 2652 21051 26506 3878 7088 10487 526 11195 21407 25067 18059 17874 28025 16191 1070 2382 13847 4977 18351 8132 27655 12524 12189 11289 27370 2168 581 26357 9753 1759
13967
38 58
13344 3 8247 6571 8590 12628 10814 11074 532 9258 6083 1751 8225 10572 10856 12665 10494 3324 1082 8910 9124 7064 2132 1025 200 9781 5530 6938 11261 5317 4790 6830 7673 3018 2795 1113 3193 13598 5091
1605 834 9586 12680 12372 1238 12549 9915 9215 13552 10023 11535 568 8954 2623 625 1517 2685 2428 1507 10196 7578 2164 4356 7837 11120 46 4380 8909 13397 10100 6641 11274 4534 439 12241 4367 1175 2543 11025 8379 1267 6292 8851 6444 6789 10582 1786 7646 5371 1168 8006 9376 13176 440 2602 152 5001 12358
24083
11 42
12935 4986 6628 613 8495 2552 20833 4301 178 1339 7909 12354
9361 17453 20133 5760 387 252 23143 7496 3933 15521 20282 6519 277 20969 6728 3158 4992 19495 12633 4992 14913 5899 9080 5124 18007 4902 5184 4891 6117 4255 7110 9855 7476 1044 3851 4675 17146 7214 16163 9410 14813 21591 13433
3733
57 97
2626 2578 1804 1378 1488 1992 798 2620 506 2369 1989 1182 539 3348 2919 772 2082 1551 2175 622 2339 2628 1605 823 109 1987 2874 1398 1199 1674 3021 2317 1968 1221 1753 1049 539 2107 3149 1500 424 983 873 2329 939 2615 82 2943 3436 297 2895 1382 2441 1160 678 3338 248 989
2462 2399 3283 38 1644 119 220 3566 1750 3619 2094 3008 1473 2112 2963 1474 3492 3587 1501 750 91 2379 980 3385 2729 2813 2758 1072 1981 3284 305 2029 3332 1217 2195 3074 793 850 3125 1402 3515 3411 676 281 2693 2252 2598 810 996 3605 2021 1991 908 527 3538 3322 408 1152 373 638 3535 679 1363 529 3010 1110 2572 2153 3012 923 603 2057 715 1893 1739 2769 1739 1260 1624 1550 1375 1125 3685 197 1363 2869 787 3179 716 1437 395 193 1745 3309 1119 1629 2961 2533
27059
19 40
21764 3761 19287 22073 14741 5612 3237 6833 11005 22404 4006 7816 19491 2715 3982 20086 15348 8270 10869 927
11259 6325 23816 8821 17713 17766 1847 18280 20247 5043 21909 14526 19715 1204 26962 11835 1463 3415 15465 24120 10552 25696 5658 1684 2270 10803 9115 794 5543 20050 2315 18849 6352 3802 5364 883 23207 15796 20032 21615 11164
30047
24 56
917 2800 27901 18797 11147 24919 9263 1247 9554 483 25126 4200 17843 7689 17175 17841 13506 24161 10949 8390 18539 8945 5039 8822 27983
6319 24199 12796 4557 18496 13799 16863 18274 518 23104 15382 3638 19290 27155 1041 2449 12566 1284 18483 18123 9046 4970 17923 10732 16000 25995 4358 2707 9602 19080 5190 24270 20827 26357 29527 26581 1150 2701 22841 27411 1618 22787 11903 21731 24475 11899 1362 6589 26367 8122 29936 5198 16805 7675 2008 2510 20666
13721
81 82
8491 1239 2606 8771 11198 10444 2120 4023 5113 13614 10072 13599 4465 2718 7020 10181 3240 378 2022 3890 13435 6811 11615 477 13690 12763 6651 1076 1691 5555 12756 3530 3055 6728 7420 6769 13164 1414 7377 12480 9550 10512 6066 5035 13561 10363 3278 13694 5095 5054 1630 2355 48 4170 811 1318 8702 9013 7590 1443 2610 12399 5715 3527 4685 3224 4056 646 6766 1206 3025 3084 7913 13251 3441 1147 6540 4834 10859 4547 3929 877
2465 5350 2529 8098 12959 13393 7858 521 12581 10963 12693 3741 13094 1648 8216 6829 7276 12256 7756 8848 2423 1091 3489 3375 8618 12986 4119 12246 11430 12348 623 163 2395 10 12776 2984 12367 10248 4921 6614 8489 6378 12418 2108 2940 5896 2340 10097 11779 13066 12431 2483 2340 8406 13280 9739 11019 1217 4488 13449 5908 10589 4454 8469 12809 4601 4040 10278 9219 5361 1232 8531 1016 3140 3968 746 641 9322 8518 1074 1408 13257 2959
11173
64 83
8315 185 4601 9823 423 5011 5787 5129 7761 1768 3223 7964 3535 1113 2609 5070 8627 152 9299 1686 2986 7939 7868 8733 10673 7498 2826 816 4274 10532 10454 3587 4392 6692 11024 4301 9441 937 6951 3508 9369 3301 7595 5859 5299 5349 2815 5162 8622 1157 8305 7471 403 1467 3420 2752 4824 5139 6783 2707 2874 7450 4831 2447 859
8704 5259 8085 8945 3708 7229 7391 859 2595 4741 222 7574 4037 7109 6053 7221 2612 2260 10501 3282 4951 1061 7116 5232 2454 9335 2628 8110 7636 8506 4754 9211 8171 2291 836 2608 8992 7707 9786 3222 2982 4782 6900 3776 3527 5388 2304 7330 6988 2362 3965 2223 419 8533 6040 4160 7747 432 3898 4787 9758 1644 736 9591 8087 611 3448 727 7525 1188 5457 2340 8817 1345 7769 3613 5229 2360 3658 9514 6609 6316 4445 4121
17981
22 97
7346 9963 7497 7328 7203 11493 9982 13045 5127 5326 17918 13117 3469 13423 4670 11258 5483 9981 10647 8792 2767 7172 6088
10445 14282 4098 15889 7922 7075 12183 11207 17608 10668 4561 16179 4156 8701 13095 14016 6104 947 9183 5382 5598 4644 13330 2208 2175 13048 3389 10638 9328 6283 12032 14770 13004 10732 3353 12518 14399 13192 307 7403 16754 935 4512 14306 12950 14228 11893 16604 13086 5734 10536 1108 9377 10702 4918 8909 5425 12036 8015 12953 13259 10871 7474 3595 512 7687 1611 13787 3191 13745 5553 12458 5260 4886 13732 9909 15798 5388 8922 13251 3738 10559 3195 12689 9872 8051 4387 2344 1369 4012 10551 3363 14326 1147 3481 11136 8104 7421
9397
38 62
3207 806 1431 105 454 5897 8095 3724 5699 1547 1427 6824 7594 1780 6136 5272 3262 7099 5362 803 8729 5216 4708 1690 8753 4971 8830 1414 782 9004 749 8919 7584 6474 4920 8315 540 3446 3998
1129 5909 4777 3319 762 936 5837 7539 3870 999 2110 23 2225 2979 1049 2704 2941 5585 4205 3904 2839 3354 3314 5025 3066 2324 3638 4975 4257 2018 4997 5998 6872 191 1743 966 6435 6665 8500 3397 813 7021 390 758 4542 2498 2507 3134 8835 8545 2688 7829 3208 6806 2319 5968 2168 1418 5254 9240 1623 4524 802
25057
4 38
11139 24528 21770 14122 8911
426 10577 18241 18954 2739 563 4051 1804 20320 8115 22760 20271 881 23536 8497 6545 19899 14413 1688 18462 15111 17872 7452 2481 8247 2791 10204 24759 21137 22451 1680 1334 4532 1374 5792 10255 14132 17998 24978
16301
67 76
13339 16295 3483 538 13954 8000 7499 7218 2311 4293 14004 4844 15181 4003 8878 4745 14768 2917 14486 10370 5899 6517 3492 4405 14196 993 8884 12113 13950 9961 5141 6069 6253 12125 13326 4426 6753 13466 1700 10967 14838 14608 5358 5193 414 4283 3061 5122 13509 12103 6362 1358 9908 11581 13316 14999 7714 14508 6232 13558 1868 73 4561 1331 6841 7362 5910 1444
16144 13174 11542 3629 197 8104 14624 1201 13163 9288 202 11092 3124 9736 2319 6643 3698 13823 1636 15848 7570 12508 4546 976 1553 12904 6455 6825 4453 9707 90 8746 15134 14108 8129 15541 7637 9563 7750 5247 8347 15076 3850 2575 2149 13603 5588 9414 13959 6403 13797 10679 10275 14642 2638 1427 5549 13972 7022 9373 14043 14929 15581 7824 2591 12239 12411 7852 13205 70 775 10169 15471 6361 2857 6067 5819
0
