72
100 100 99 1
100 100 99 2
4 4 1 1
5 5 1 2
6 6 1 1000000000
1 1 99999 1
1 1 99999 2
1 1 99999 1000000000
1 2 65536 8
84 8 306369 5
24 76 306369 5
60 40 741825 5
520 456 57 8929
16 696 777 51265
448 600 441 40513
0 648 777 17714
14 14 9 25
0 5 5 73
4 6 27 13
14 18 3 25
22 22 9 53
0 2 25 45
4 16 23 89
18 18 5 81
6 0 3 17
18 20 7 65
741824 48168 596609 1
78464 84416 217025 5
618496 917184 374785 9
2736 3344 3347 4385
5632 3072 8433 8497
1600 9552 4321 6961
2248 1200 5169 6241
1824 7792 7489 1825
5456 6128 4609 2845
8064 0 1 769
4240 1744 6193 2449
7584 2328 5457 3537
9632 1792 7953 1825
7200 2736 2509 1
8592 4912 3361 8529
7312 9776 1601 8881
2432 8032 2385 9889
6976 384 2093 577
0 496 4641 4799
3088 8144 7217 6353
24152 656640 1 283457025
225984 939328 553409 650497
843584 18875 612737 845493761
249152 569728 22273 7284737
889280 649600 1 336049
269248 890496 401921 1280513
612736 488960 48193 78657
493760 619520 147137 18945
939200 157312 877313 134217729
643072 604480 959553 16688
360704 317856 197633 108036097
929216 537856 224385 289825
81344 560832 627073 498961
116736 1832 524097 736100353
741824 0 21633 7130
483520 467456 333057 392508929
208384 661440 488705 3375617
143168 164096 18788 294223873
534208 899584 201153 58669
310848 204160 964609 7519
612736 653184 694913 101646337
100000 100000 99999 1000000000
100000 99998 99999 1000000000
100000 99999 99997 1000000000
100000 100000 99999 999999999
10007 50009 99999 999979999
