77
3 2 1
3 2 2
1000000007 3 11
999999001 7 379784013
567634897 10 0
567634897 8 28949879
734228531 10 27463123
402895481 10 126553628
866434507 7 331437628
931564279 9 79971128
687516383 7 505137937
38321221 10 38276328
525044497 8 496352066
740906119 9 482558682
971891929 7 218977063
997963331 7 636347889
689486113 7 510629219
545576833 8 116898307
733669759 9 640668254
228263257 8 135297429
906751099 9 878319827
643175527 7 96671899
429388373 7 418590139
885131677 9 375766073
42437641 8 18292529
562434503 7 262905153
400142653 7 94944646
541218259 7 185275369
651489301 10 520163724
3747761 10 3635871
106240889 8 73989540
136531567 9 63383936
185975761 10 179611973
551581931 10 210713119
304810873 8 19512614
20711521 10 5260145
882128197 9 545529166
207249061 10 195914604
720998857 9 688168214
93001021 10 19515138
570046681 8 356468193
376858849 8 352375987
875590931 10 436248439
526787161 10 406241591
586720051 10 379211378
37452761 8 18989174
689635451 10 384660843
260106697 9 114667840
45680111 7 16066400
494614249 8 209268106
918521717 7 607308043
205317323 7 70650879
32999881 10 13789743
41010589 9 32822470
888611401 8 587360371
619835633 8 113235693
257161969 8 92401095
125453987 7 44291151
556174189 9 496890776
152763497 8 10832803
65771947 9 54790811
961694281 8 932138674
19656691 10 16703125
625030481 10 74521821
484089761 7 23942675
570991361 10 258305711
503826623 2 71488812
227283547 4 158292096
352466879 3 92520314
508014901 5 388655470
839295043 6 800502417
1000000007 3 11
1000000007 2 598119173
1000000007 3 529270041
1000000007 4 807491444
1000000007 5 148307601
999999001 7 379784013
